1 0.554585 0.282000 0.030568 0.068000
1 0.501638 0.066000 0.042576 0.084000
1 0.504367 0.279000 0.037118 0.082000
1 0.446507 0.388000 0.030568 0.068000
1 0.390830 0.387000 0.030568 0.070000
1 0.449782 0.279000 0.037118 0.082000
1 0.444869 0.063000 0.038210 0.082000
1 0.394651 0.064000 0.038210 0.080000
1 0.288210 0.066000 0.032751 0.076000
1 0.342795 0.063000 0.037118 0.078000
1 0.390830 0.173000 0.037118 0.082000
1 0.286026 0.280000 0.030568 0.072000
1 0.338974 0.283000 0.038210 0.082000
0 0.282751 0.932000 0.032751 0.076000
0 0.335699 0.935000 0.038210 0.082000
0 0.282751 0.826000 0.034934 0.080000
0 0.334061 0.831000 0.037118 0.086000
0 0.284389 0.725000 0.038210 0.086000
0 0.338428 0.720000 0.034934 0.076000
0 0.393559 0.830000 0.042576 0.084000
0 0.448144 0.829000 0.044760 0.090000
0 0.391921 0.718000 0.032751 0.076000
0 0.663755 0.718000 0.032751 0.076000
0 0.716157 0.609000 0.032751 0.078000
0 0.552402 0.503000 0.030568 0.078000
0 0.444869 0.504000 0.031659 0.076000
0 0.447052 0.616000 0.040393 0.088000
1 0.716703 0.279000 0.040393 0.082000
1 0.721616 0.388000 0.030568 0.072000
1 0.666485 0.497000 0.031659 0.070000
1 0.558406 0.819000 0.038210 0.086000
1 0.723799 0.173000 0.030568 0.074000
1 0.719432 0.067000 0.039301 0.082000
3 0.212882 0.425000 0.034934 0.074000
3 0.175764 0.170000 0.032751 0.072000
3 0.072598 0.255000 0.031659 0.074000
3 0.063865 0.110000 0.031659 0.072000
2 0.793668 0.632000 0.032751 0.080000
2 0.884279 0.624000 0.041485 0.092000
