3 0.185590 0.107000 0.032751 0.070000
3 0.173581 0.352000 0.037118 0.072000
2 0.930131 0.766000 0.032751 0.072000
2 0.845524 0.763000 0.031659 0.066000
0 0.721070 0.399000 0.031659 0.066000
1 0.661026 0.385000 0.033843 0.070000
1 0.713428 0.178000 0.036026 0.072000
1 0.715066 0.063000 0.034934 0.070000
1 0.659389 0.179000 0.039301 0.082000
1 0.605349 0.067000 0.038210 0.086000
1 0.550764 0.073000 0.038210 0.082000
1 0.549672 0.279000 0.036026 0.070000
1 0.552948 0.500000 0.036026 0.076000
1 0.497817 0.385000 0.034934 0.070000
1 0.441594 0.393000 0.033843 0.074000
1 0.443231 0.276000 0.034934 0.072000
1 0.448690 0.174000 0.034934 0.080000
1 0.445415 0.071000 0.037118 0.082000
1 0.277293 0.070000 0.034934 0.072000
1 0.331878 0.072000 0.034934 0.072000
1 0.335699 0.176000 0.040393 0.076000
1 0.385371 0.279000 0.034934 0.070000
1 0.337336 0.391000 0.039301 0.086000
1 0.335699 0.713000 0.040393 0.086000
1 0.279476 0.492000 0.034934 0.072000
0 0.340066 0.938000 0.031659 0.068000
0 0.444323 0.826000 0.043668 0.088000
0 0.659934 0.608000 0.040393 0.088000
0 0.721070 0.935000 0.036026 0.074000
0 0.719432 0.823000 0.032751 0.070000
0 0.612445 0.936000 0.037118 0.080000
0 0.553493 0.930000 0.041485 0.084000
0 0.502729 0.725000 0.031659 0.070000
0 0.447598 0.727000 0.034934 0.074000
0 0.284934 0.932000 0.034934 0.072000
0 0.393559 0.935000 0.038210 0.078000
0 0.391921 0.728000 0.032751 0.068000
3 0.037118 0.246000 0.032751 0.068000
3 0.105349 0.126000 0.038210 0.072000
3 0.185590 0.244000 0.037118 0.072000
