3 0.211790 0.279000 0.037118 0.070000
3 0.193231 0.412000 0.034934 0.072000
3 0.130459 0.395000 0.036026 0.070000
3 0.098799 0.209000 0.036026 0.074000
3 0.105895 0.083000 0.032751 0.066000
3 0.033297 0.073000 0.033843 0.070000
3 0.055131 0.441000 0.033843 0.070000
0 0.503275 0.511000 0.030568 0.066000
0 0.609716 0.618000 0.031659 0.068000
0 0.610262 0.825000 0.032751 0.070000
0 0.500000 0.821000 0.037118 0.078000
0 0.337882 0.834000 0.031659 0.068000
0 0.611900 0.933000 0.036026 0.078000
0 0.669214 0.929000 0.034934 0.066000
0 0.661026 0.716000 0.038210 0.084000
0 0.719432 0.824000 0.030568 0.068000
0 0.664301 0.512000 0.031659 0.068000
0 0.714520 0.504000 0.036026 0.084000
0 0.500000 0.934000 0.039301 0.084000
0 0.445961 0.930000 0.038210 0.080000
3 0.191594 0.143000 0.036026 0.070000
1 0.280568 0.501000 0.039301 0.082000
1 0.387555 0.495000 0.032751 0.066000
1 0.443231 0.491000 0.034934 0.070000
1 0.550764 0.385000 0.031659 0.066000
1 0.496725 0.180000 0.037118 0.080000
1 0.500000 0.065000 0.037118 0.078000
1 0.609170 0.067000 0.037118 0.074000
1 0.658843 0.278000 0.033843 0.068000
1 0.659389 0.070000 0.034934 0.072000
1 0.713428 0.172000 0.033843 0.068000
1 0.442140 0.071000 0.039301 0.082000
1 0.329694 0.071000 0.034934 0.070000
1 0.279476 0.067000 0.032751 0.070000
1 0.335699 0.175000 0.036026 0.074000
1 0.333515 0.278000 0.033843 0.064000
1 0.281114 0.283000 0.036026 0.074000
1 0.278384 0.388000 0.030568 0.064000
1 0.497271 0.282000 0.036026 0.080000
2 0.912118 0.609000 0.036026 0.070000
