1 0.500000 0.277000 0.030568 0.070000
1 0.442686 0.174000 0.040393 0.088000
1 0.443231 0.066000 0.034934 0.072000
1 0.498362 0.175000 0.036026 0.074000
1 0.608079 0.280000 0.037118 0.084000
1 0.658843 0.278000 0.031659 0.072000
1 0.714520 0.173000 0.036026 0.078000
1 0.717249 0.492000 0.030568 0.072000
1 0.555131 0.282000 0.038210 0.076000
1 0.339520 0.282000 0.039301 0.084000
1 0.336245 0.171000 0.037118 0.078000
1 0.279476 0.281000 0.034934 0.078000
1 0.333515 0.713000 0.038210 0.078000
1 0.332424 0.602000 0.031659 0.072000
3 0.205786 0.134000 0.031659 0.068000
3 0.094978 0.152000 0.030568 0.072000
3 0.077511 0.259000 0.030568 0.074000
3 0.194869 0.306000 0.029476 0.072000
3 0.183952 0.428000 0.038210 0.080000
3 0.060044 0.385000 0.030568 0.074000
2 0.806769 0.624000 0.041485 0.088000
0 0.282751 0.612000 0.037118 0.084000
0 0.335699 0.830000 0.038210 0.084000
0 0.505459 0.723000 0.034934 0.074000
0 0.557860 0.614000 0.034934 0.072000
0 0.444869 0.827000 0.044760 0.090000
0 0.554039 0.829000 0.038210 0.082000
0 0.448144 0.720000 0.040393 0.088000
0 0.392467 0.723000 0.051310 0.102000
0 0.444323 0.936000 0.037118 0.084000
0 0.553493 0.935000 0.037118 0.078000
0 0.663210 0.932000 0.038210 0.076000
0 0.663210 0.824000 0.040393 0.084000
0 0.721070 0.827000 0.036026 0.078000
0 0.722707 0.723000 0.034934 0.074000
0 0.662664 0.511000 0.034934 0.078000
0 0.608079 0.510000 0.034934 0.076000
1 0.390830 0.386000 0.030568 0.072000
1 0.443231 0.496000 0.030568 0.068000
1 0.552402 0.387000 0.030568 0.070000
