0 0.553493 0.933000 0.039301 0.082000
2 0.866266 0.592000 0.029476 0.064000
2 0.943777 0.564000 0.033843 0.068000
2 0.969978 0.751000 0.033843 0.070000
2 0.875546 0.762000 0.030568 0.064000
2 0.875546 0.957000 0.030568 0.066000
2 0.798581 0.928000 0.031659 0.064000
2 0.813865 0.724000 0.031659 0.068000
3 0.139738 0.309000 0.034934 0.074000
3 0.166485 0.089000 0.036026 0.074000
3 0.060590 0.134000 0.033843 0.068000
3 0.059498 0.400000 0.038210 0.080000
0 0.617358 0.078000 0.031659 0.068000
0 0.338974 0.618000 0.031659 0.068000
0 0.504367 0.722000 0.030568 0.064000
0 0.555677 0.723000 0.030568 0.066000
0 0.395197 0.721000 0.030568 0.062000
0 0.391376 0.821000 0.038210 0.078000
0 0.336245 0.826000 0.037118 0.080000
0 0.286572 0.828000 0.029476 0.064000
0 0.501638 0.937000 0.044760 0.090000
0 0.608079 0.933000 0.034934 0.078000
0 0.715066 0.716000 0.039301 0.084000
0 0.723253 0.612000 0.029476 0.064000
1 0.277838 0.283000 0.040393 0.078000
1 0.278930 0.177000 0.033843 0.070000
1 0.280022 0.069000 0.040393 0.082000
1 0.385917 0.282000 0.031659 0.064000
1 0.439410 0.497000 0.031659 0.066000
1 0.497817 0.384000 0.032751 0.068000
1 0.492904 0.182000 0.036026 0.072000
1 0.500546 0.066000 0.042576 0.084000
1 0.443231 0.072000 0.037118 0.080000
1 0.554039 0.071000 0.038210 0.082000
1 0.549127 0.388000 0.032751 0.068000
1 0.662118 0.390000 0.038210 0.080000
1 0.602074 0.709000 0.029476 0.062000
1 0.712882 0.178000 0.032751 0.072000
1 0.656114 0.071000 0.037118 0.074000
0 0.717795 0.935000 0.036026 0.074000
