0 0.552948 0.609000 0.033843 0.078000
0 0.337336 0.613000 0.037118 0.078000
0 0.281114 0.609000 0.036026 0.078000
0 0.278930 0.724000 0.038210 0.088000
0 0.279476 0.826000 0.032751 0.080000
0 0.555677 0.829000 0.041485 0.090000
0 0.501092 0.937000 0.045852 0.094000
0 0.447598 0.937000 0.041485 0.090000
0 0.660480 0.937000 0.039301 0.086000
0 0.713974 0.933000 0.034934 0.082000
0 0.716157 0.611000 0.032751 0.078000
0 0.605349 0.073000 0.031659 0.078000
2 0.848253 0.672000 0.043668 0.092000
3 0.227620 0.074000 0.040393 0.084000
3 0.162664 0.108000 0.030568 0.072000
3 0.104258 0.109000 0.042576 0.090000
3 0.032751 0.203000 0.032751 0.074000
3 0.133188 0.216000 0.039301 0.084000
3 0.091157 0.381000 0.033843 0.074000
3 0.177948 0.403000 0.034934 0.074000
3 0.209607 0.267000 0.037118 0.074000
1 0.282205 0.388000 0.040393 0.080000
1 0.288210 0.173000 0.032751 0.078000
1 0.341157 0.063000 0.038210 0.082000
1 0.390830 0.175000 0.039301 0.082000
1 0.339520 0.282000 0.030568 0.072000
1 0.391921 0.280000 0.030568 0.072000
1 0.394651 0.495000 0.038210 0.086000
1 0.449782 0.282000 0.030568 0.072000
1 0.499454 0.495000 0.033843 0.074000
1 0.443231 0.604000 0.041485 0.088000
1 0.555677 0.390000 0.030568 0.072000
1 0.500000 0.174000 0.037118 0.080000
1 0.503821 0.065000 0.044760 0.090000
1 0.664847 0.064000 0.037118 0.080000
1 0.609170 0.278000 0.032751 0.072000
1 0.606987 0.391000 0.041485 0.086000
1 0.663210 0.497000 0.031659 0.070000
1 0.720524 0.282000 0.030568 0.072000
1 0.722707 0.066000 0.034934 0.080000
