1 0.448264 0.172370 0.050699 0.103060
1 0.283330 0.707350 0.047227 0.094140
3 0.197566 0.424280 0.043755 0.105600
3 0.167697 0.124650 0.042358 0.089060
0 0.394443 0.616380 0.041659 0.080160
0 0.340622 0.613210 0.042358 0.081420
0 0.286801 0.611930 0.044454 0.094140
0 0.444793 0.825040 0.056245 0.105600
0 0.554514 0.934450 0.052085 0.100500
0 0.661468 0.825670 0.047915 0.101780
0 0.718412 0.825670 0.047915 0.096700
0 0.720497 0.610660 0.045142 0.099240
0 0.500005 0.183180 0.051386 0.094160
0 0.502778 0.506330 0.045841 0.089060
0 0.556949 0.505700 0.044443 0.087800
0 0.607991 0.718800 0.049301 0.091600
0 0.663204 0.720070 0.044443 0.089060
1 0.282980 0.280510 0.042358 0.090340
1 0.280202 0.386110 0.036801 0.075060
1 0.335066 0.381660 0.042358 0.086520
1 0.335764 0.279240 0.046528 0.090320
1 0.389236 0.278600 0.040983 0.078880
1 0.392014 0.171100 0.045142 0.097960
1 0.395486 0.061680 0.050688 0.090320
1 0.444449 0.279870 0.041670 0.096700
1 0.441665 0.387380 0.037500 0.090320
1 0.499656 0.384830 0.047915 0.090340
1 0.500349 0.272230 0.039585 0.089060
1 0.552434 0.277960 0.038188 0.085240
1 0.606599 0.388650 0.040972 0.085260
1 0.660770 0.277330 0.038199 0.081420
1 0.716676 0.384200 0.038897 0.078880
1 0.716326 0.062950 0.047915 0.095420
1 0.663892 0.064860 0.048614 0.091600
1 0.611463 0.062960 0.047926 0.105600
1 0.499656 0.924910 0.047915 0.099220
1 0.341665 0.819950 0.047216 0.100500
2 0.970502 0.833300 0.054869 0.099240
2 0.844460 0.939550 0.052784 0.095420
3 0.028111 0.153280 0.049301 0.090320
