0 0.392467 0.719000 0.040393 0.082000
1 0.282751 0.176000 0.039301 0.084000
1 0.394105 0.281000 0.030568 0.070000
1 0.444869 0.279000 0.038210 0.082000
1 0.499454 0.277000 0.040393 0.082000
1 0.552948 0.277000 0.040393 0.082000
1 0.610808 0.278000 0.036026 0.080000
1 0.664847 0.279000 0.037118 0.078000
1 0.722162 0.174000 0.027293 0.072000
1 0.718886 0.388000 0.029476 0.068000
1 0.664301 0.390000 0.029476 0.068000
1 0.555131 0.495000 0.031659 0.070000
1 0.449782 0.390000 0.030568 0.068000
1 0.337336 0.495000 0.032751 0.070000
1 0.282205 0.494000 0.031659 0.072000
0 0.390284 0.185000 0.038210 0.074000
0 0.663210 0.611000 0.031659 0.074000
0 0.717795 0.610000 0.031659 0.072000
0 0.607533 0.827000 0.040393 0.086000
0 0.551310 0.719000 0.030568 0.074000
0 0.499454 0.719000 0.031659 0.074000
0 0.444869 0.718000 0.031659 0.072000
0 0.280568 0.717000 0.032751 0.074000
0 0.390284 0.828000 0.038210 0.080000
0 0.446507 0.829000 0.043668 0.090000
0 0.497271 0.825000 0.031659 0.074000
0 0.604803 0.938000 0.037118 0.084000
0 0.555131 0.936000 0.040393 0.080000
0 0.716157 0.933000 0.032751 0.074000
0 0.393013 0.940000 0.039301 0.084000
0 0.337336 0.936000 0.041485 0.088000
0 0.282205 0.933000 0.031659 0.070000
1 0.497817 0.065000 0.041485 0.086000
3 0.160480 0.170000 0.039301 0.084000
3 0.102074 0.184000 0.029476 0.068000
3 0.046397 0.116000 0.038210 0.084000
3 0.231441 0.358000 0.030568 0.072000
3 0.120633 0.432000 0.031659 0.068000
2 0.793668 0.591000 0.030568 0.074000
2 0.834607 0.706000 0.033843 0.076000
