0 0.662664 0.286000 0.041485 0.088000
0 0.606987 0.506000 0.032751 0.072000
0 0.552402 0.721000 0.032751 0.074000
0 0.498362 0.611000 0.040393 0.082000
0 0.497271 0.718000 0.040393 0.080000
0 0.447598 0.718000 0.037118 0.080000
0 0.498908 0.824000 0.034934 0.076000
0 0.658297 0.722000 0.032751 0.076000
0 0.715611 0.719000 0.033843 0.078000
0 0.715611 0.827000 0.031659 0.074000
0 0.662118 0.824000 0.042576 0.088000
0 0.665393 0.935000 0.038210 0.082000
0 0.502183 0.932000 0.048035 0.096000
0 0.442686 0.935000 0.040393 0.086000
0 0.391921 0.937000 0.034934 0.078000
0 0.281114 0.719000 0.036026 0.078000
0 0.280022 0.506000 0.031659 0.072000
0 0.334607 0.397000 0.031659 0.074000
0 0.496725 0.290000 0.032751 0.076000
1 0.338974 0.501000 0.042576 0.086000
1 0.281114 0.927000 0.033843 0.078000
1 0.500546 0.387000 0.033843 0.078000
1 0.447598 0.389000 0.032751 0.074000
1 0.393559 0.281000 0.036026 0.078000
1 0.390284 0.177000 0.038210 0.082000
1 0.334607 0.177000 0.042576 0.090000
1 0.283297 0.069000 0.033843 0.078000
1 0.283843 0.282000 0.034934 0.076000
1 0.448144 0.173000 0.046943 0.094000
1 0.557314 0.067000 0.040393 0.086000
1 0.612445 0.066000 0.041485 0.084000
1 0.612991 0.173000 0.036026 0.078000
1 0.553493 0.388000 0.034934 0.080000
1 0.607533 0.282000 0.038210 0.080000
1 0.717249 0.284000 0.034934 0.076000
1 0.608079 0.926000 0.041485 0.088000
3 0.223253 0.446000 0.036026 0.080000
3 0.088428 0.410000 0.034934 0.076000
2 0.787664 0.908000 0.033843 0.076000
2 0.957969 0.772000 0.033843 0.076000
