1 0.717795 0.385000 0.038210 0.082000
2 0.896834 0.933000 0.033843 0.078000
2 0.826419 0.933000 0.032751 0.078000
2 0.794760 0.791000 0.041485 0.086000
3 0.081332 0.417000 0.031659 0.074000
3 0.051310 0.123000 0.030568 0.074000
3 0.105349 0.193000 0.029476 0.070000
3 0.139192 0.062000 0.042576 0.088000
3 0.201419 0.118000 0.031659 0.072000
3 0.174127 0.223000 0.040393 0.082000
3 0.215611 0.364000 0.031659 0.076000
1 0.554585 0.497000 0.030568 0.070000
0 0.715066 0.718000 0.034934 0.076000
0 0.662664 0.717000 0.032751 0.074000
0 0.338428 0.941000 0.039301 0.090000
1 0.608624 0.277000 0.038210 0.082000
0 0.498908 0.288000 0.034934 0.072000
0 0.391921 0.503000 0.034934 0.074000
0 0.388100 0.937000 0.038210 0.086000
0 0.282205 0.503000 0.033843 0.078000
0 0.608079 0.610000 0.032751 0.076000
0 0.553493 0.718000 0.032751 0.076000
0 0.497817 0.720000 0.030568 0.076000
0 0.444869 0.719000 0.031659 0.078000
0 0.448690 0.830000 0.045852 0.092000
0 0.394105 0.723000 0.041485 0.090000
0 0.444323 0.936000 0.039301 0.084000
1 0.445961 0.280000 0.031659 0.072000
1 0.450328 0.390000 0.031659 0.076000
1 0.445961 0.499000 0.038210 0.082000
1 0.555677 0.817000 0.030568 0.070000
1 0.664847 0.389000 0.030568 0.070000
1 0.665393 0.175000 0.040393 0.086000
1 0.608624 0.065000 0.038210 0.078000
1 0.498908 0.065000 0.043668 0.086000
1 0.723799 0.174000 0.032751 0.076000
1 0.503821 0.171000 0.038210 0.086000
1 0.337882 0.280000 0.036026 0.080000
1 0.338974 0.172000 0.038210 0.080000
1 0.393013 0.281000 0.030568 0.070000
