3 0.203603 0.232000 0.038210 0.088000
3 0.123362 0.203000 0.037118 0.090000
3 0.112991 0.325000 0.038210 0.090000
0 0.445415 0.070000 0.037118 0.088000
0 0.447052 0.505000 0.033843 0.082000
0 0.441594 0.612000 0.042576 0.092000
0 0.442686 0.720000 0.038210 0.088000
0 0.502729 0.722000 0.036026 0.088000
0 0.394105 0.721000 0.034934 0.082000
0 0.340066 0.721000 0.036026 0.082000
0 0.389738 0.826000 0.041485 0.088000
0 0.502729 0.611000 0.036026 0.082000
0 0.557314 0.507000 0.038210 0.090000
0 0.552402 0.613000 0.034934 0.086000
0 0.495633 0.936000 0.045852 0.092000
0 0.715611 0.935000 0.038210 0.086000
0 0.714520 0.722000 0.033843 0.084000
0 0.665393 0.721000 0.033843 0.082000
1 0.282205 0.066000 0.038210 0.084000
1 0.395197 0.175000 0.041485 0.090000
1 0.340611 0.281000 0.037118 0.086000
1 0.283297 0.285000 0.040393 0.086000
1 0.391376 0.388000 0.036026 0.084000
1 0.337336 0.499000 0.041485 0.090000
1 0.390830 0.282000 0.043668 0.092000
1 0.446507 0.282000 0.034934 0.084000
1 0.558406 0.280000 0.036026 0.088000
1 0.555677 0.176000 0.037118 0.084000
1 0.555131 0.066000 0.038210 0.088000
1 0.664301 0.176000 0.038210 0.088000
1 0.665939 0.280000 0.034934 0.084000
1 0.610262 0.389000 0.039301 0.086000
1 0.715066 0.389000 0.039301 0.090000
1 0.719978 0.281000 0.033843 0.086000
1 0.714520 0.065000 0.038210 0.086000
1 0.662118 0.604000 0.040393 0.088000
1 0.608079 0.606000 0.037118 0.088000
1 0.610262 0.820000 0.037118 0.084000
1 0.663755 0.818000 0.037118 0.088000
1 0.605895 0.931000 0.037118 0.086000
