2 0.786026 0.650000 0.037118 0.080000
2 0.868450 0.646000 0.038210 0.080000
2 0.857533 0.808000 0.042576 0.088000
2 0.799127 0.814000 0.032751 0.076000
2 0.860808 0.919000 0.038210 0.082000
2 0.775109 0.939000 0.032751 0.074000
2 0.977620 0.951000 0.033843 0.074000
2 0.939956 0.734000 0.037118 0.076000
2 0.940502 0.562000 0.033843 0.076000
0 0.390284 0.506000 0.033843 0.072000
0 0.389738 0.612000 0.041485 0.088000
0 0.339520 0.611000 0.039301 0.082000
0 0.279476 0.719000 0.039301 0.082000
0 0.280568 0.826000 0.032751 0.080000
0 0.336245 0.935000 0.037118 0.082000
0 0.446507 0.827000 0.045852 0.094000
0 0.444323 0.934000 0.039301 0.084000
0 0.501092 0.723000 0.034934 0.078000
0 0.554039 0.722000 0.033843 0.076000
0 0.550764 0.826000 0.040393 0.092000
0 0.604258 0.934000 0.038210 0.084000
0 0.660480 0.828000 0.043668 0.092000
0 0.715611 0.826000 0.033843 0.080000
0 0.713428 0.614000 0.033843 0.076000
0 0.663755 0.399000 0.034934 0.078000
0 0.606441 0.614000 0.031659 0.076000
1 0.556769 0.497000 0.034934 0.078000
1 0.505459 0.389000 0.034934 0.078000
1 0.446507 0.281000 0.037118 0.078000
1 0.394105 0.282000 0.043668 0.092000
1 0.390830 0.176000 0.041485 0.084000
1 0.448144 0.176000 0.046943 0.092000
1 0.286026 0.067000 0.037118 0.082000
1 0.282205 0.283000 0.040393 0.078000
1 0.550764 0.067000 0.040393 0.086000
1 0.609716 0.066000 0.042576 0.084000
1 0.662118 0.176000 0.046943 0.092000
1 0.612991 0.387000 0.036026 0.078000
1 0.719978 0.284000 0.033843 0.076000
1 0.665939 0.605000 0.034934 0.078000
