1 0.278930 0.175000 0.033843 0.074000
1 0.389738 0.181000 0.037118 0.078000
1 0.445961 0.177000 0.036026 0.078000
1 0.496179 0.180000 0.038210 0.084000
1 0.549127 0.280000 0.030568 0.064000
1 0.661026 0.176000 0.036026 0.080000
1 0.604258 0.067000 0.036026 0.074000
1 0.713428 0.178000 0.033843 0.072000
1 0.550764 0.390000 0.036026 0.076000
1 0.494541 0.388000 0.032751 0.068000
1 0.388646 0.277000 0.034934 0.070000
1 0.333515 0.278000 0.036026 0.072000
1 0.276747 0.285000 0.036026 0.070000
0 0.280022 0.504000 0.033843 0.080000
0 0.338974 0.726000 0.031659 0.068000
0 0.282751 0.718000 0.041485 0.088000
0 0.286572 0.822000 0.033843 0.068000
0 0.448144 0.717000 0.038210 0.082000
0 0.444323 0.821000 0.037118 0.082000
0 0.393013 0.934000 0.037118 0.076000
0 0.449236 0.931000 0.038210 0.082000
0 0.501638 0.935000 0.042576 0.086000
0 0.555131 0.824000 0.036026 0.076000
0 0.554585 0.727000 0.032751 0.070000
0 0.664301 0.824000 0.038210 0.084000
0 0.664301 0.727000 0.031659 0.070000
0 0.719978 0.616000 0.031659 0.068000
0 0.611900 0.401000 0.031659 0.066000
0 0.451419 0.400000 0.031659 0.064000
0 0.391921 0.512000 0.032751 0.068000
0 0.561681 0.499000 0.033843 0.066000
1 0.659389 0.493000 0.032751 0.070000
1 0.604803 0.817000 0.032751 0.066000
1 0.712882 0.711000 0.032751 0.066000
0 0.718341 0.932000 0.032751 0.072000
2 0.898472 0.652000 0.028384 0.064000
2 0.864083 0.780000 0.031659 0.068000
2 0.889192 0.904000 0.033843 0.072000
2 0.806223 0.909000 0.033843 0.070000
2 0.968886 0.771000 0.018559 0.058000
