1 0.337336 0.175000 0.041485 0.086000
1 0.389192 0.069000 0.044760 0.094000
0 0.281659 0.934000 0.032751 0.080000
0 0.713974 0.825000 0.037118 0.082000
0 0.713428 0.613000 0.033843 0.078000
0 0.658843 0.399000 0.038210 0.078000
0 0.554585 0.075000 0.032751 0.078000
1 0.447598 0.497000 0.034934 0.078000
1 0.553493 0.390000 0.045852 0.092000
0 0.388646 0.933000 0.041485 0.082000
1 0.664847 0.497000 0.034934 0.078000
1 0.721616 0.388000 0.034934 0.080000
1 0.721616 0.175000 0.037118 0.082000
1 0.614629 0.067000 0.041485 0.086000
0 0.502729 0.934000 0.040393 0.084000
0 0.554585 0.933000 0.039301 0.082000
0 0.606441 0.934000 0.040393 0.084000
0 0.611354 0.718000 0.043668 0.092000
0 0.550764 0.721000 0.033843 0.074000
0 0.552948 0.826000 0.038210 0.080000
0 0.496179 0.723000 0.036026 0.078000
0 0.390830 0.508000 0.032751 0.076000
0 0.283843 0.720000 0.043668 0.092000
0 0.278930 0.615000 0.033843 0.078000
0 0.336245 0.614000 0.034934 0.076000
0 0.334607 0.721000 0.040393 0.086000
0 0.391921 0.720000 0.045852 0.092000
3 0.067140 0.379000 0.036026 0.078000
1 0.286572 0.174000 0.036026 0.080000
1 0.337882 0.282000 0.040393 0.084000
1 0.282205 0.284000 0.038210 0.080000
1 0.394651 0.281000 0.033843 0.078000
1 0.448144 0.281000 0.040393 0.086000
1 0.504367 0.281000 0.034934 0.078000
1 0.284934 0.390000 0.034934 0.076000
2 0.819323 0.564000 0.036026 0.080000
2 0.878275 0.634000 0.036026 0.080000
2 0.909934 0.812000 0.040393 0.084000
1 0.498908 0.069000 0.045852 0.094000
3 0.108079 0.099000 0.034934 0.078000
