0 0.340066 0.292000 0.040393 0.088000
0 0.604803 0.073000 0.028384 0.074000
0 0.717795 0.610000 0.033843 0.076000
0 0.444869 0.719000 0.031659 0.074000
0 0.337336 0.719000 0.030568 0.074000
0 0.281114 0.723000 0.038210 0.086000
0 0.277838 0.935000 0.033843 0.078000
0 0.392467 0.939000 0.040393 0.086000
0 0.447052 0.831000 0.044760 0.094000
0 0.444323 0.936000 0.039301 0.080000
0 0.497271 0.830000 0.040393 0.088000
0 0.609716 0.939000 0.038210 0.086000
1 0.288210 0.174000 0.032751 0.076000
1 0.285480 0.278000 0.038210 0.080000
1 0.282751 0.386000 0.032751 0.072000
1 0.336245 0.172000 0.039301 0.080000
1 0.559498 0.495000 0.038210 0.082000
1 0.448690 0.498000 0.039301 0.084000
1 0.391376 0.496000 0.031659 0.072000
1 0.342249 0.604000 0.031659 0.076000
1 0.502183 0.603000 0.030568 0.070000
1 0.609716 0.709000 0.038210 0.082000
1 0.613537 0.388000 0.030568 0.072000
1 0.558406 0.281000 0.029476 0.070000
1 0.553493 0.171000 0.039301 0.082000
1 0.555677 0.066000 0.037118 0.080000
1 0.504367 0.065000 0.043668 0.090000
1 0.665393 0.176000 0.040393 0.084000
1 0.721070 0.065000 0.029476 0.074000
1 0.721070 0.282000 0.029476 0.068000
1 0.664301 0.388000 0.031659 0.072000
3 0.207424 0.075000 0.030568 0.070000
3 0.112991 0.065000 0.031659 0.070000
3 0.050218 0.111000 0.030568 0.070000
3 0.076419 0.227000 0.030568 0.074000
3 0.087336 0.413000 0.030568 0.070000
3 0.195961 0.356000 0.031659 0.072000
2 0.972162 0.676000 0.031659 0.076000
2 0.877183 0.953000 0.042576 0.090000
2 0.861354 0.828000 0.041485 0.080000
