1 0.339520 0.280000 0.037118 0.084000
1 0.445415 0.279000 0.037118 0.090000
1 0.449782 0.176000 0.041485 0.092000
1 0.395197 0.065000 0.039301 0.086000
1 0.284389 0.389000 0.036026 0.082000
1 0.393013 0.390000 0.034934 0.084000
1 0.554585 0.281000 0.037118 0.082000
1 0.286026 0.283000 0.037118 0.086000
1 0.281114 0.174000 0.036026 0.088000
1 0.719432 0.282000 0.039301 0.084000
1 0.721070 0.496000 0.033843 0.084000
1 0.665939 0.391000 0.037118 0.086000
1 0.606987 0.931000 0.034934 0.086000
1 0.278384 0.932000 0.041485 0.088000
3 0.223253 0.261000 0.038210 0.086000
3 0.047489 0.263000 0.042576 0.090000
3 0.058952 0.375000 0.041485 0.090000
3 0.126092 0.100000 0.040393 0.092000
2 0.807860 0.582000 0.037118 0.088000
2 0.889192 0.709000 0.036026 0.086000
2 0.795852 0.723000 0.032751 0.082000
2 0.849345 0.863000 0.034934 0.082000
0 0.336790 0.505000 0.036026 0.086000
0 0.283843 0.720000 0.034934 0.080000
0 0.338428 0.720000 0.041485 0.084000
0 0.388646 0.613000 0.032751 0.082000
0 0.444323 0.505000 0.034934 0.086000
0 0.503821 0.506000 0.042576 0.088000
0 0.391376 0.720000 0.044760 0.088000
0 0.447598 0.720000 0.034934 0.080000
0 0.497817 0.721000 0.032751 0.082000
0 0.444869 0.936000 0.038210 0.088000
0 0.549672 0.936000 0.038210 0.088000
0 0.553493 0.720000 0.032751 0.080000
0 0.610262 0.721000 0.034934 0.082000
0 0.713974 0.722000 0.034934 0.084000
0 0.662664 0.826000 0.032751 0.080000
0 0.661572 0.504000 0.043668 0.088000
0 0.718341 0.827000 0.034934 0.086000
1 0.504367 0.283000 0.039301 0.086000
