1 0.390830 0.603000 0.030568 0.070000
0 0.281114 0.934000 0.031659 0.072000
3 0.126092 0.390000 0.029476 0.068000
2 0.796943 0.614000 0.037118 0.076000
2 0.818777 0.775000 0.032751 0.074000
2 0.847707 0.918000 0.038210 0.076000
2 0.921397 0.811000 0.030568 0.074000
2 0.933952 0.654000 0.031659 0.072000
0 0.714520 0.613000 0.040393 0.086000
0 0.496725 0.506000 0.030568 0.072000
0 0.394105 0.936000 0.045852 0.084000
0 0.336790 0.826000 0.040393 0.080000
0 0.283297 0.613000 0.036026 0.074000
1 0.392467 0.065000 0.040393 0.078000
1 0.394651 0.171000 0.038210 0.082000
1 0.445961 0.173000 0.042576 0.086000
1 0.500546 0.173000 0.036026 0.078000
1 0.445415 0.279000 0.032751 0.070000
1 0.501638 0.279000 0.029476 0.074000
1 0.555131 0.282000 0.029476 0.068000
1 0.449236 0.387000 0.038210 0.082000
1 0.280568 0.174000 0.037118 0.084000
1 0.663755 0.176000 0.039301 0.084000
1 0.718886 0.279000 0.029476 0.074000
1 0.285480 0.282000 0.029476 0.068000
1 0.556223 0.494000 0.036026 0.076000
0 0.717795 0.506000 0.033843 0.072000
0 0.662118 0.395000 0.031659 0.074000
0 0.608624 0.503000 0.031659 0.074000
0 0.712882 0.826000 0.032751 0.076000
0 0.715066 0.939000 0.037118 0.082000
0 0.664301 0.942000 0.038210 0.088000
0 0.550764 0.938000 0.038210 0.084000
0 0.555677 0.830000 0.039301 0.084000
0 0.552948 0.719000 0.031659 0.074000
0 0.500546 0.833000 0.036026 0.086000
0 0.447598 0.830000 0.043668 0.092000
0 0.444323 0.719000 0.032751 0.074000
0 0.336245 0.396000 0.030568 0.072000
0 0.389738 0.829000 0.037118 0.082000
