0 0.335699 0.183000 0.038210 0.086000
0 0.336245 0.283000 0.041485 0.082000
0 0.605895 0.075000 0.037118 0.086000
0 0.550764 0.505000 0.033843 0.082000
0 0.606987 0.613000 0.032751 0.082000
0 0.501638 0.612000 0.036026 0.088000
0 0.445415 0.612000 0.032751 0.080000
0 0.336790 0.720000 0.031659 0.080000
0 0.336245 0.829000 0.028384 0.074000
0 0.284389 0.827000 0.031659 0.078000
0 0.286026 0.936000 0.037118 0.088000
0 0.337882 0.934000 0.036026 0.084000
0 0.441048 0.936000 0.039301 0.088000
0 0.443231 0.829000 0.043668 0.086000
0 0.501092 0.720000 0.032751 0.080000
0 0.554039 0.825000 0.036026 0.086000
0 0.552402 0.935000 0.039301 0.086000
0 0.606987 0.934000 0.037118 0.084000
0 0.660480 0.934000 0.037118 0.088000
0 0.665393 0.721000 0.042576 0.090000
0 0.716157 0.827000 0.037118 0.086000
0 0.720524 0.506000 0.032751 0.080000
0 0.279476 0.719000 0.041485 0.086000
0 0.389192 0.721000 0.033843 0.082000
1 0.447052 0.716000 0.036026 0.088000
1 0.388646 0.495000 0.037118 0.086000
1 0.337882 0.391000 0.040393 0.086000
1 0.284389 0.389000 0.036026 0.082000
1 0.446507 0.390000 0.037118 0.084000
1 0.449236 0.282000 0.038210 0.084000
1 0.501092 0.283000 0.034934 0.082000
1 0.504913 0.066000 0.042576 0.092000
1 0.609170 0.281000 0.037118 0.082000
1 0.665939 0.280000 0.037118 0.084000
1 0.715611 0.060000 0.016376 0.060000
2 0.780568 0.615000 0.037118 0.086000
2 0.947052 0.580000 0.033843 0.080000
2 0.834061 0.792000 0.034934 0.088000
2 0.889192 0.900000 0.038210 0.084000
2 0.802948 0.933000 0.033843 0.082000
