1 0.449236 0.280000 0.029476 0.068000
1 0.503821 0.282000 0.029476 0.068000
1 0.553493 0.171000 0.037118 0.082000
1 0.610262 0.279000 0.037118 0.078000
1 0.554585 0.387000 0.032751 0.070000
1 0.606987 0.503000 0.030568 0.074000
1 0.663755 0.386000 0.032751 0.072000
1 0.718341 0.387000 0.030568 0.070000
1 0.722707 0.280000 0.028384 0.072000
1 0.612445 0.818000 0.030568 0.068000
1 0.283297 0.496000 0.038210 0.084000
1 0.283297 0.387000 0.038210 0.078000
1 0.288210 0.065000 0.030568 0.074000
3 0.211790 0.112000 0.030568 0.068000
3 0.173035 0.280000 0.033843 0.072000
3 0.195961 0.411000 0.040393 0.086000
3 0.122817 0.443000 0.031659 0.070000
3 0.041485 0.192000 0.034934 0.072000
2 0.862445 0.836000 0.037118 0.076000
1 0.448690 0.174000 0.043668 0.088000
1 0.557314 0.064000 0.036026 0.080000
0 0.333515 0.074000 0.040393 0.084000
0 0.337336 0.612000 0.034934 0.076000
0 0.500546 0.610000 0.031659 0.072000
0 0.498908 0.722000 0.037118 0.080000
0 0.390830 0.718000 0.030568 0.072000
0 0.391921 0.828000 0.039301 0.080000
0 0.333515 0.827000 0.040393 0.082000
0 0.281114 0.934000 0.031659 0.072000
0 0.336790 0.940000 0.038210 0.084000
0 0.388100 0.938000 0.038210 0.084000
0 0.444323 0.831000 0.043668 0.090000
0 0.551856 0.832000 0.038210 0.084000
0 0.556223 0.939000 0.042576 0.082000
0 0.555131 0.721000 0.033843 0.074000
0 0.557314 0.615000 0.040393 0.090000
0 0.718341 0.613000 0.034934 0.074000
0 0.661026 0.719000 0.031659 0.074000
0 0.664301 0.828000 0.040393 0.088000
0 0.712336 0.934000 0.033843 0.076000
