0 0.717795 0.720000 0.031659 0.072000
0 0.500546 0.183000 0.031659 0.074000
0 0.605349 0.183000 0.029476 0.074000
0 0.665393 0.611000 0.038210 0.082000
0 0.551856 0.610000 0.042576 0.088000
0 0.446507 0.721000 0.032751 0.074000
0 0.390284 0.721000 0.031659 0.074000
0 0.335699 0.720000 0.031659 0.072000
0 0.277838 0.720000 0.038210 0.080000
0 0.393559 0.826000 0.038210 0.080000
0 0.282751 0.935000 0.039301 0.082000
0 0.497817 0.936000 0.048035 0.096000
0 0.499454 0.824000 0.038210 0.080000
0 0.550218 0.722000 0.032751 0.076000
0 0.556769 0.827000 0.039301 0.082000
0 0.608079 0.933000 0.039301 0.082000
0 0.718341 0.824000 0.032751 0.076000
2 0.786572 0.589000 0.038210 0.082000
2 0.844432 0.578000 0.033843 0.076000
2 0.942140 0.588000 0.043668 0.088000
2 0.931223 0.715000 0.034934 0.078000
2 0.802402 0.737000 0.032751 0.074000
2 0.822052 0.880000 0.034934 0.076000
2 0.936135 0.823000 0.036026 0.078000
1 0.388646 0.282000 0.043668 0.092000
1 0.334607 0.283000 0.040393 0.090000
1 0.283843 0.283000 0.032751 0.074000
1 0.391921 0.389000 0.032751 0.074000
1 0.449782 0.388000 0.032751 0.076000
1 0.611900 0.388000 0.033843 0.076000
1 0.664847 0.393000 0.041485 0.086000
1 0.664301 0.281000 0.031659 0.074000
1 0.660480 0.067000 0.039301 0.082000
1 0.555677 0.068000 0.034934 0.080000
1 0.393559 0.067000 0.040393 0.082000
1 0.390830 0.176000 0.039301 0.084000
1 0.660480 0.499000 0.037118 0.078000
1 0.718886 0.496000 0.031659 0.072000
1 0.719432 0.068000 0.032751 0.076000
