2 0.834061 0.637000 0.032751 0.074000
2 0.915393 0.666000 0.033843 0.076000
2 0.970524 0.955000 0.032751 0.074000
3 0.198144 0.171000 0.040393 0.086000
3 0.041485 0.321000 0.034934 0.078000
3 0.050218 0.079000 0.034934 0.078000
0 0.281114 0.613000 0.031659 0.074000
0 0.282751 0.721000 0.041485 0.086000
0 0.335699 0.613000 0.031659 0.074000
0 0.389738 0.613000 0.032751 0.074000
0 0.391376 0.823000 0.036026 0.078000
0 0.446507 0.507000 0.032751 0.074000
0 0.497271 0.722000 0.031659 0.076000
0 0.550764 0.722000 0.031659 0.076000
0 0.554039 0.933000 0.038210 0.078000
0 0.280568 0.932000 0.030568 0.076000
0 0.603712 0.934000 0.039301 0.084000
0 0.445415 0.825000 0.045852 0.090000
0 0.662118 0.611000 0.031659 0.074000
0 0.716157 0.720000 0.032751 0.072000
0 0.713974 0.826000 0.034934 0.080000
0 0.604803 0.508000 0.032751 0.076000
1 0.287118 0.392000 0.041485 0.088000
1 0.282751 0.175000 0.034934 0.078000
1 0.394651 0.281000 0.042576 0.090000
1 0.390284 0.176000 0.038210 0.080000
1 0.501092 0.280000 0.039301 0.084000
1 0.503275 0.389000 0.032751 0.074000
1 0.555131 0.391000 0.031659 0.074000
1 0.662664 0.279000 0.032751 0.074000
1 0.717249 0.387000 0.032751 0.074000
1 0.666485 0.175000 0.042576 0.090000
1 0.717795 0.069000 0.033843 0.074000
1 0.663210 0.069000 0.036026 0.078000
1 0.556223 0.070000 0.040393 0.084000
1 0.500000 0.068000 0.043668 0.088000
1 0.448144 0.067000 0.040393 0.086000
1 0.395197 0.068000 0.039301 0.084000
1 0.340066 0.068000 0.042576 0.088000
0 0.609716 0.719000 0.036026 0.078000
