0 0.278384 0.290000 0.039301 0.088000
0 0.718886 0.936000 0.031659 0.084000
0 0.716703 0.722000 0.029476 0.080000
0 0.662664 0.936000 0.034934 0.088000
0 0.660480 0.720000 0.041485 0.088000
0 0.609170 0.826000 0.041485 0.088000
0 0.551856 0.935000 0.038210 0.086000
0 0.441594 0.936000 0.038210 0.088000
0 0.391376 0.934000 0.036026 0.084000
0 0.338974 0.936000 0.036026 0.084000
0 0.285480 0.828000 0.038210 0.088000
0 0.333515 0.827000 0.040393 0.090000
0 0.446507 0.829000 0.039301 0.090000
0 0.500546 0.826000 0.031659 0.080000
0 0.501638 0.719000 0.033843 0.082000
0 0.446507 0.721000 0.030568 0.082000
0 0.334607 0.722000 0.031659 0.084000
0 0.391376 0.612000 0.036026 0.088000
0 0.607533 0.614000 0.031659 0.084000
0 0.557860 0.612000 0.032751 0.080000
0 0.339520 0.398000 0.039301 0.088000
0 0.661026 0.291000 0.036026 0.086000
0 0.663755 0.070000 0.032751 0.084000
0 0.281114 0.072000 0.040393 0.084000
1 0.719978 0.066000 0.040393 0.084000
1 0.283297 0.498000 0.033843 0.084000
1 0.395742 0.283000 0.044760 0.094000
1 0.721070 0.389000 0.033843 0.086000
1 0.661026 0.496000 0.038210 0.084000
1 0.552948 0.176000 0.036026 0.088000
1 0.606441 0.280000 0.036026 0.088000
1 0.553493 0.389000 0.034934 0.086000
1 0.502729 0.390000 0.033843 0.088000
2 0.923035 0.950000 0.033843 0.080000
2 0.896288 0.692000 0.032751 0.080000
2 0.834061 0.891000 0.037118 0.082000
2 0.826965 0.743000 0.033843 0.086000
1 0.447598 0.389000 0.032751 0.086000
1 0.395197 0.390000 0.037118 0.084000
3 0.055677 0.429000 0.034934 0.090000
