2 0.823144 0.667000 0.037118 0.078000
2 0.912118 0.709000 0.042576 0.082000
2 0.969432 0.579000 0.034934 0.078000
2 0.932314 0.949000 0.043668 0.094000
3 0.131550 0.114000 0.044760 0.088000
3 0.070415 0.059000 0.042576 0.086000
3 0.141376 0.328000 0.042576 0.088000
3 0.171397 0.436000 0.034934 0.072000
0 0.283297 0.510000 0.040393 0.088000
0 0.390284 0.611000 0.031659 0.074000
0 0.280568 0.610000 0.030568 0.076000
0 0.392467 0.723000 0.042576 0.090000
0 0.277293 0.719000 0.034934 0.078000
0 0.501092 0.720000 0.032751 0.076000
0 0.552948 0.612000 0.040393 0.084000
0 0.607533 0.610000 0.031659 0.076000
0 0.552402 0.718000 0.032751 0.076000
0 0.610808 0.726000 0.038210 0.088000
0 0.659389 0.719000 0.030568 0.078000
0 0.610262 0.938000 0.039301 0.084000
0 0.554585 0.935000 0.039301 0.078000
0 0.717795 0.827000 0.033843 0.078000
0 0.717795 0.610000 0.033843 0.076000
0 0.719432 0.073000 0.041485 0.086000
1 0.390830 0.388000 0.032751 0.072000
1 0.281659 0.388000 0.039301 0.084000
1 0.288210 0.175000 0.030568 0.074000
1 0.338428 0.172000 0.039301 0.080000
1 0.396288 0.061000 0.037118 0.082000
1 0.444323 0.174000 0.043668 0.088000
1 0.503821 0.282000 0.029476 0.068000
1 0.449782 0.497000 0.030568 0.070000
1 0.340611 0.713000 0.030568 0.070000
1 0.445415 0.929000 0.039301 0.082000
1 0.554585 0.279000 0.032751 0.070000
1 0.558406 0.064000 0.038210 0.084000
1 0.610262 0.279000 0.030568 0.066000
1 0.667031 0.496000 0.030568 0.072000
1 0.719432 0.390000 0.030568 0.068000
1 0.723253 0.282000 0.031659 0.076000
