1 0.660480 0.066000 0.037118 0.080000
2 0.799127 0.789000 0.034934 0.078000
2 0.908297 0.801000 0.032751 0.078000
2 0.966703 0.760000 0.033843 0.076000
3 0.181223 0.384000 0.041485 0.084000
3 0.057860 0.227000 0.041485 0.086000
0 0.281114 0.506000 0.031659 0.072000
0 0.279476 0.395000 0.041485 0.090000
0 0.444869 0.291000 0.031659 0.074000
0 0.389738 0.506000 0.032751 0.072000
0 0.332969 0.613000 0.032751 0.078000
0 0.392467 0.720000 0.042576 0.092000
0 0.391376 0.826000 0.038210 0.080000
0 0.391921 0.936000 0.039301 0.084000
0 0.338428 0.935000 0.037118 0.082000
0 0.279476 0.935000 0.032751 0.078000
0 0.500546 0.935000 0.046943 0.094000
0 0.605895 0.934000 0.039301 0.080000
0 0.664301 0.826000 0.040393 0.088000
0 0.712882 0.722000 0.032751 0.076000
0 0.604258 0.613000 0.031659 0.074000
0 0.499454 0.720000 0.031659 0.072000
0 0.550764 0.507000 0.031659 0.074000
0 0.665393 0.184000 0.031659 0.076000
0 0.716703 0.826000 0.031659 0.076000
1 0.284934 0.283000 0.037118 0.078000
1 0.286026 0.174000 0.032751 0.076000
1 0.340066 0.175000 0.042576 0.090000
1 0.394651 0.067000 0.040393 0.086000
1 0.340066 0.280000 0.033843 0.076000
1 0.444869 0.068000 0.038210 0.084000
1 0.501092 0.280000 0.032751 0.076000
1 0.391376 0.284000 0.044760 0.088000
1 0.555131 0.175000 0.038210 0.082000
1 0.555677 0.067000 0.041485 0.086000
1 0.717795 0.178000 0.033843 0.076000
1 0.558406 0.280000 0.036026 0.080000
1 0.447598 0.713000 0.032751 0.074000
1 0.718886 0.389000 0.031659 0.074000
1 0.662118 0.602000 0.033843 0.076000
