3 0.150109 0.097000 0.033843 0.070000
1 0.388100 0.180000 0.038210 0.084000
1 0.389738 0.067000 0.039301 0.078000
1 0.496179 0.179000 0.038210 0.082000
1 0.503821 0.067000 0.038210 0.082000
1 0.439956 0.281000 0.032751 0.066000
1 0.387555 0.277000 0.034934 0.070000
1 0.496179 0.386000 0.033843 0.068000
1 0.387009 0.393000 0.036026 0.074000
1 0.550764 0.386000 0.033843 0.072000
1 0.609170 0.067000 0.037118 0.078000
1 0.658297 0.280000 0.032751 0.068000
1 0.714520 0.282000 0.038210 0.084000
1 0.715066 0.390000 0.034934 0.076000
1 0.716703 0.503000 0.038210 0.082000
1 0.711790 0.604000 0.032751 0.068000
1 0.659389 0.716000 0.034934 0.072000
1 0.603712 0.498000 0.034934 0.068000
1 0.548581 0.505000 0.033843 0.070000
1 0.713974 0.820000 0.039301 0.084000
1 0.334607 0.178000 0.040393 0.084000
1 0.277838 0.069000 0.036026 0.074000
0 0.283297 0.295000 0.033843 0.070000
0 0.341157 0.394000 0.033843 0.072000
0 0.283843 0.390000 0.039301 0.080000
0 0.281659 0.720000 0.037118 0.080000
0 0.283843 0.932000 0.034934 0.072000
0 0.342249 0.931000 0.036026 0.074000
0 0.395742 0.723000 0.031659 0.066000
0 0.446507 0.828000 0.043668 0.088000
0 0.451419 0.721000 0.033843 0.066000
0 0.503275 0.617000 0.030568 0.070000
0 0.502729 0.823000 0.038210 0.082000
0 0.553493 0.828000 0.037118 0.080000
0 0.556769 0.616000 0.032751 0.068000
2 0.974345 0.944000 0.033843 0.068000
3 0.220524 0.185000 0.034934 0.070000
3 0.218341 0.055000 0.034934 0.070000
3 0.072052 0.178000 0.034934 0.072000
3 0.060590 0.313000 0.038210 0.074000
