1 0.389192 0.281000 0.036026 0.086000
1 0.446507 0.282000 0.037118 0.084000
1 0.499454 0.283000 0.038210 0.090000
1 0.504913 0.174000 0.038210 0.088000
1 0.501092 0.069000 0.043668 0.090000
1 0.448690 0.066000 0.037118 0.088000
1 0.392467 0.068000 0.040393 0.088000
1 0.283297 0.173000 0.036026 0.086000
1 0.281659 0.283000 0.039301 0.090000
1 0.336790 0.390000 0.038210 0.084000
1 0.503821 0.389000 0.036026 0.086000
1 0.334607 0.603000 0.038210 0.090000
1 0.554039 0.712000 0.036026 0.084000
1 0.661572 0.605000 0.037118 0.086000
1 0.719432 0.497000 0.034934 0.086000
1 0.716703 0.283000 0.038210 0.086000
1 0.667031 0.177000 0.039301 0.090000
1 0.665939 0.068000 0.039301 0.088000
3 0.214520 0.444000 0.038210 0.088000
3 0.203603 0.253000 0.038210 0.090000
3 0.118996 0.237000 0.041485 0.090000
3 0.054039 0.217000 0.038210 0.090000
3 0.086790 0.080000 0.038210 0.088000
3 0.144651 0.098000 0.042576 0.088000
3 0.100983 0.413000 0.038210 0.090000
0 0.388100 0.614000 0.033843 0.084000
0 0.336245 0.826000 0.041485 0.088000
0 0.284934 0.937000 0.037118 0.086000
0 0.387009 0.935000 0.038210 0.090000
0 0.441048 0.935000 0.039301 0.090000
0 0.500546 0.937000 0.044760 0.090000
0 0.495633 0.828000 0.043668 0.092000
0 0.447598 0.721000 0.034934 0.082000
0 0.608624 0.720000 0.038210 0.088000
0 0.501638 0.612000 0.033843 0.080000
0 0.605895 0.936000 0.039301 0.088000
0 0.606441 0.397000 0.033843 0.086000
0 0.554039 0.398000 0.033843 0.084000
0 0.718886 0.720000 0.044760 0.092000
0 0.719432 0.828000 0.037118 0.088000
