2 0.793668 0.921000 0.037118 0.078000
2 0.933406 0.869000 0.034934 0.078000
2 0.949236 0.637000 0.033843 0.078000
3 0.036026 0.411000 0.039301 0.078000
0 0.334061 0.613000 0.034934 0.078000
0 0.277838 0.722000 0.033843 0.076000
0 0.336790 0.718000 0.040393 0.080000
0 0.335153 0.825000 0.039301 0.082000
0 0.279476 0.826000 0.032751 0.080000
0 0.335699 0.933000 0.038210 0.078000
0 0.387555 0.721000 0.030568 0.074000
0 0.445961 0.721000 0.031659 0.074000
0 0.500546 0.612000 0.029476 0.072000
0 0.550764 0.506000 0.029476 0.072000
0 0.606441 0.506000 0.031659 0.072000
0 0.605349 0.719000 0.031659 0.078000
0 0.664301 0.719000 0.036026 0.078000
0 0.713974 0.721000 0.030568 0.074000
0 0.606441 0.827000 0.042576 0.090000
0 0.497271 0.828000 0.040393 0.084000
0 0.714520 0.826000 0.036026 0.080000
0 0.497271 0.936000 0.046943 0.096000
0 0.714520 0.502000 0.042576 0.088000
1 0.390830 0.284000 0.043668 0.088000
1 0.286572 0.281000 0.038210 0.082000
1 0.285480 0.177000 0.033843 0.078000
1 0.281659 0.069000 0.039301 0.082000
1 0.336245 0.068000 0.041485 0.088000
1 0.396834 0.069000 0.042576 0.090000
1 0.390830 0.178000 0.039301 0.080000
1 0.446507 0.390000 0.032751 0.076000
1 0.393013 0.497000 0.032751 0.074000
1 0.501092 0.391000 0.032751 0.074000
1 0.610262 0.175000 0.039301 0.082000
1 0.556223 0.068000 0.040393 0.084000
1 0.611900 0.069000 0.040393 0.082000
1 0.667576 0.066000 0.040393 0.084000
1 0.722162 0.172000 0.036026 0.076000
0 0.658133 0.614000 0.035262 0.076000
2 0.860808 0.787000 0.033843 0.078000
