1 0.556223 0.706000 0.036026 0.076000
1 0.278384 0.818000 0.030568 0.072000
1 0.281659 0.065000 0.037118 0.082000
1 0.390284 0.386000 0.029476 0.072000
0 0.283843 0.720000 0.037118 0.080000
0 0.337336 0.726000 0.034934 0.076000
0 0.391376 0.828000 0.040393 0.084000
0 0.389738 0.938000 0.041485 0.088000
0 0.502183 0.932000 0.045852 0.092000
0 0.556769 0.937000 0.043668 0.086000
0 0.606987 0.825000 0.041485 0.086000
0 0.499454 0.722000 0.040393 0.084000
0 0.612991 0.718000 0.038210 0.076000
0 0.722162 0.722000 0.036026 0.084000
0 0.614629 0.615000 0.034934 0.074000
0 0.556769 0.615000 0.034934 0.074000
0 0.448144 0.507000 0.036026 0.074000
0 0.393013 0.503000 0.041485 0.086000
0 0.391376 0.611000 0.038210 0.078000
0 0.391921 0.287000 0.039301 0.074000
0 0.665939 0.507000 0.034934 0.070000
0 0.665939 0.610000 0.041485 0.084000
2 0.883188 0.564000 0.034934 0.072000
2 0.812773 0.720000 0.036026 0.076000
2 0.780568 0.823000 0.037118 0.082000
2 0.939410 0.706000 0.033843 0.076000
3 0.215066 0.200000 0.030568 0.072000
3 0.064410 0.214000 0.030568 0.072000
1 0.335153 0.279000 0.030568 0.070000
1 0.335699 0.172000 0.038210 0.080000
1 0.387555 0.173000 0.037118 0.078000
1 0.444869 0.278000 0.029476 0.072000
1 0.496179 0.278000 0.031659 0.072000
1 0.557314 0.172000 0.038210 0.080000
1 0.552948 0.064000 0.036026 0.076000
1 0.500000 0.066000 0.045852 0.088000
1 0.554039 0.276000 0.031659 0.072000
1 0.659934 0.280000 0.029476 0.068000
1 0.717795 0.283000 0.038210 0.082000
1 0.712882 0.496000 0.032751 0.072000
