2 0.829148 0.577000 0.033843 0.082000
2 0.858079 0.718000 0.034934 0.088000
2 0.913755 0.742000 0.034934 0.084000
2 0.887555 0.567000 0.034934 0.082000
0 0.277838 0.505000 0.042576 0.094000
0 0.444323 0.398000 0.034934 0.084000
0 0.391921 0.612000 0.034934 0.084000
0 0.334061 0.614000 0.032751 0.084000
0 0.391921 0.935000 0.039301 0.090000
0 0.280568 0.829000 0.037118 0.090000
0 0.441048 0.828000 0.045852 0.092000
0 0.494541 0.828000 0.041485 0.092000
0 0.550764 0.721000 0.044760 0.090000
0 0.552948 0.612000 0.033843 0.084000
0 0.502729 0.506000 0.033843 0.084000
0 0.608079 0.506000 0.039301 0.088000
0 0.714520 0.614000 0.033843 0.084000
0 0.662664 0.826000 0.043668 0.088000
0 0.665939 0.936000 0.037118 0.088000
0 0.719432 0.936000 0.037118 0.088000
3 0.128821 0.085000 0.037118 0.086000
3 0.074782 0.218000 0.040393 0.088000
3 0.218886 0.349000 0.044760 0.094000
1 0.281114 0.173000 0.038210 0.090000
1 0.285480 0.281000 0.040393 0.090000
1 0.389738 0.282000 0.037118 0.084000
1 0.391921 0.392000 0.041485 0.092000
1 0.335699 0.175000 0.040393 0.090000
1 0.391376 0.174000 0.036026 0.088000
1 0.448144 0.176000 0.042576 0.092000
1 0.502183 0.282000 0.034934 0.084000
1 0.500000 0.173000 0.037118 0.090000
1 0.555677 0.389000 0.037118 0.086000
1 0.556769 0.176000 0.039301 0.088000
1 0.394105 0.715000 0.039301 0.090000
1 0.664301 0.068000 0.040393 0.088000
1 0.716703 0.174000 0.038210 0.088000
1 0.716157 0.390000 0.041485 0.088000
1 0.666485 0.497000 0.036026 0.086000
1 0.606441 0.933000 0.044760 0.102000
