1 0.608624 0.282000 0.036026 0.072000
1 0.498362 0.279000 0.038210 0.086000
1 0.497271 0.172000 0.038210 0.076000
1 0.445415 0.175000 0.041485 0.086000
1 0.500000 0.067000 0.037118 0.082000
1 0.445415 0.387000 0.030568 0.070000
1 0.387555 0.388000 0.030568 0.068000
1 0.332969 0.278000 0.030568 0.068000
1 0.335699 0.171000 0.036026 0.078000
1 0.277838 0.172000 0.033843 0.076000
1 0.278384 0.387000 0.028384 0.070000
1 0.554039 0.389000 0.049127 0.090000
1 0.661026 0.386000 0.029476 0.068000
1 0.717795 0.170000 0.033843 0.080000
1 0.717249 0.062000 0.030568 0.072000
1 0.608079 0.063000 0.037118 0.078000
2 0.804585 0.666000 0.037118 0.076000
2 0.967249 0.582000 0.037118 0.076000
2 0.846616 0.905000 0.036026 0.078000
2 0.871725 0.724000 0.036026 0.072000
0 0.284389 0.612000 0.038210 0.080000
0 0.391485 0.504700 0.038428 0.082600
0 0.395742 0.718000 0.042576 0.092000
0 0.342795 0.723000 0.034934 0.074000
0 0.284934 0.717000 0.037118 0.070000
0 0.336790 0.827000 0.038210 0.078000
0 0.449989 0.717180 0.037336 0.080200
0 0.391921 0.826000 0.037118 0.076000
0 0.502729 0.827000 0.038210 0.078000
0 0.503876 0.721380 0.035917 0.075800
0 0.554094 0.721700 0.035917 0.076600
0 0.554039 0.828000 0.038210 0.080000
0 0.557860 0.935000 0.037118 0.082000
0 0.612445 0.827000 0.034934 0.070000
0 0.722162 0.937000 0.033843 0.078000
0 0.719978 0.399000 0.033843 0.070000
0 0.608624 0.396000 0.036026 0.076000
0 0.394651 0.187000 0.031659 0.070000
0 0.661026 0.719000 0.040393 0.082000
0 0.721070 0.717000 0.038210 0.074000
