0 0.337336 0.610000 0.032751 0.072000
0 0.446507 0.611000 0.030568 0.074000
0 0.389738 0.718000 0.030568 0.072000
0 0.497817 0.720000 0.030568 0.076000
0 0.337882 0.825000 0.040393 0.082000
0 0.281114 0.933000 0.031659 0.074000
0 0.331878 0.940000 0.037118 0.084000
0 0.386463 0.938000 0.037118 0.084000
0 0.441594 0.937000 0.038210 0.082000
0 0.496179 0.939000 0.042576 0.090000
0 0.550764 0.935000 0.040393 0.086000
0 0.608079 0.936000 0.039301 0.080000
0 0.716157 0.933000 0.032751 0.074000
0 0.715611 0.610000 0.031659 0.076000
0 0.663210 0.718000 0.031659 0.072000
1 0.282205 0.385000 0.038210 0.082000
1 0.284389 0.277000 0.036026 0.078000
1 0.393559 0.497000 0.029476 0.070000
1 0.445961 0.388000 0.031659 0.068000
1 0.501638 0.389000 0.029476 0.066000
1 0.557860 0.389000 0.039301 0.086000
1 0.555131 0.280000 0.029476 0.068000
1 0.609170 0.278000 0.032751 0.072000
1 0.558406 0.171000 0.038210 0.082000
1 0.558406 0.063000 0.038210 0.082000
1 0.500000 0.066000 0.041485 0.084000
1 0.445415 0.064000 0.037118 0.080000
1 0.341703 0.063000 0.034934 0.078000
1 0.286572 0.065000 0.029476 0.074000
1 0.722707 0.065000 0.032751 0.074000
1 0.718341 0.280000 0.028384 0.064000
1 0.280022 0.610000 0.029476 0.072000
3 0.081878 0.363000 0.030568 0.070000
3 0.180131 0.287000 0.041485 0.086000
2 0.830240 0.603000 0.040393 0.090000
2 0.789301 0.809000 0.030568 0.074000
2 0.888100 0.779000 0.038210 0.086000
2 0.932314 0.620000 0.039301 0.080000
2 0.959607 0.843000 0.030568 0.078000
