0 0.286572 0.608000 0.036026 0.072000
0 0.447598 0.612000 0.039301 0.084000
0 0.450873 0.506000 0.030568 0.064000
0 0.506004 0.507000 0.031659 0.066000
0 0.501638 0.822000 0.038210 0.080000
0 0.442140 0.826000 0.039301 0.088000
0 0.448690 0.931000 0.039301 0.082000
0 0.392467 0.832000 0.029476 0.068000
0 0.342249 0.721000 0.031659 0.062000
0 0.615721 0.714000 0.034934 0.068000
0 0.668122 0.614000 0.030568 0.064000
0 0.716157 0.611000 0.039301 0.082000
0 0.723799 0.721000 0.032751 0.062000
0 0.715611 0.821000 0.042576 0.086000
0 0.659934 0.823000 0.038210 0.086000
0 0.606987 0.934000 0.034934 0.080000
0 0.719432 0.932000 0.017467 0.056000
0 0.608624 0.181000 0.036026 0.078000
1 0.282205 0.391000 0.036026 0.078000
1 0.275655 0.175000 0.033843 0.066000
1 0.278384 0.070000 0.034934 0.072000
1 0.336245 0.287000 0.037118 0.078000
1 0.386463 0.278000 0.032751 0.068000
1 0.497271 0.283000 0.036026 0.074000
1 0.501092 0.179000 0.037118 0.082000
1 0.501638 0.067000 0.038210 0.078000
1 0.549672 0.279000 0.031659 0.066000
1 0.655568 0.073000 0.033843 0.070000
1 0.658843 0.388000 0.033843 0.068000
1 0.603166 0.388000 0.033843 0.068000
1 0.713428 0.278000 0.033843 0.068000
1 0.715066 0.067000 0.034934 0.074000
1 0.442686 0.277000 0.031659 0.070000
1 0.334607 0.168000 0.036026 0.072000
1 0.550218 0.715000 0.034934 0.074000
3 0.123362 0.068000 0.039301 0.072000
3 0.212336 0.315000 0.036026 0.070000
3 0.099891 0.315000 0.033843 0.070000
2 0.865721 0.729000 0.030568 0.066000
2 0.964520 0.886000 0.036026 0.068000
