1 0.443777 0.275000 0.036026 0.070000
1 0.497817 0.383000 0.034934 0.070000
1 0.386463 0.280000 0.032751 0.068000
1 0.335699 0.288000 0.038210 0.080000
1 0.280022 0.383000 0.036026 0.070000
1 0.333515 0.602000 0.031659 0.068000
1 0.278930 0.285000 0.031659 0.070000
1 0.550218 0.389000 0.028384 0.066000
1 0.605895 0.494000 0.032751 0.068000
1 0.661026 0.383000 0.033843 0.070000
1 0.713428 0.393000 0.033843 0.070000
1 0.713428 0.603000 0.031659 0.066000
1 0.550218 0.175000 0.037118 0.074000
1 0.498908 0.181000 0.037118 0.078000
1 0.437773 0.181000 0.034934 0.074000
1 0.499454 0.065000 0.038210 0.082000
1 0.656114 0.072000 0.034934 0.072000
1 0.719432 0.069000 0.039301 0.086000
1 0.608624 0.282000 0.038210 0.084000
0 0.392467 0.511000 0.031659 0.066000
0 0.340066 0.509000 0.029476 0.066000
0 0.284934 0.609000 0.032751 0.070000
0 0.337336 0.715000 0.039301 0.078000
0 0.387009 0.718000 0.042576 0.088000
0 0.338974 0.827000 0.036026 0.078000
0 0.501638 0.726000 0.031659 0.068000
0 0.450328 0.612000 0.029476 0.064000
0 0.498908 0.821000 0.034934 0.078000
0 0.556223 0.617000 0.031659 0.070000
0 0.501638 0.934000 0.033843 0.072000
0 0.610808 0.832000 0.031659 0.068000
0 0.612445 0.935000 0.037118 0.078000
0 0.611900 0.716000 0.033843 0.072000
0 0.660480 0.716000 0.039301 0.084000
0 0.665939 0.615000 0.030568 0.066000
0 0.718341 0.932000 0.032751 0.072000
3 0.185590 0.398000 0.037118 0.072000
3 0.141376 0.182000 0.031659 0.068000
3 0.059498 0.242000 0.038210 0.080000
2 0.811135 0.774000 0.039301 0.084000
