1 0.385371 0.280000 0.032751 0.064000
1 0.334061 0.278000 0.032751 0.068000
1 0.280022 0.174000 0.033843 0.076000
1 0.441594 0.072000 0.038210 0.080000
1 0.501638 0.068000 0.036026 0.076000
1 0.609170 0.066000 0.037118 0.076000
1 0.659389 0.388000 0.030568 0.064000
1 0.493996 0.498000 0.031659 0.064000
1 0.387009 0.393000 0.036026 0.074000
1 0.603166 0.603000 0.031659 0.062000
2 0.810590 0.590000 0.031659 0.068000
2 0.868996 0.721000 0.030568 0.062000
2 0.975437 0.665000 0.029476 0.066000
2 0.931769 0.871000 0.036026 0.078000
2 0.861900 0.903000 0.033843 0.070000
2 0.802402 0.906000 0.032751 0.068000
0 0.280568 0.719000 0.034934 0.078000
0 0.283297 0.402000 0.029476 0.068000
0 0.342795 0.720000 0.030568 0.064000
0 0.284934 0.823000 0.030568 0.066000
0 0.342795 0.929000 0.034934 0.070000
0 0.390284 0.934000 0.038210 0.084000
0 0.394105 0.725000 0.030568 0.066000
0 0.444869 0.928000 0.038210 0.080000
0 0.450328 0.824000 0.033843 0.068000
0 0.497817 0.933000 0.041485 0.082000
0 0.499454 0.820000 0.038210 0.076000
0 0.498362 0.721000 0.033843 0.078000
0 0.449236 0.295000 0.029476 0.066000
0 0.504367 0.292000 0.030568 0.064000
0 0.719432 0.612000 0.037118 0.084000
0 0.658843 0.715000 0.038210 0.086000
0 0.721616 0.722000 0.030568 0.064000
0 0.558406 0.614000 0.029476 0.064000
1 0.716157 0.498000 0.032751 0.072000
