2 0.781114 0.734000 0.038210 0.080000
2 0.944869 0.638000 0.042576 0.092000
2 0.946507 0.946000 0.037118 0.084000
3 0.224891 0.353000 0.037118 0.078000
3 0.222162 0.149000 0.036026 0.078000
3 0.158297 0.225000 0.032751 0.074000
3 0.054039 0.245000 0.031659 0.074000
3 0.048035 0.447000 0.034934 0.078000
0 0.334061 0.722000 0.032751 0.076000
0 0.331878 0.825000 0.041485 0.090000
0 0.278930 0.828000 0.033843 0.080000
0 0.390830 0.934000 0.039301 0.084000
0 0.442686 0.721000 0.031659 0.074000
0 0.388100 0.720000 0.049127 0.096000
0 0.502729 0.825000 0.038210 0.082000
0 0.550218 0.613000 0.030568 0.074000
0 0.555677 0.506000 0.039301 0.084000
0 0.610808 0.609000 0.042576 0.090000
0 0.713974 0.507000 0.032751 0.074000
0 0.281114 0.721000 0.031659 0.074000
1 0.341157 0.496000 0.033843 0.076000
1 0.390284 0.388000 0.033843 0.076000
1 0.389192 0.176000 0.040393 0.088000
1 0.283297 0.068000 0.033843 0.076000
1 0.390284 0.066000 0.038210 0.084000
1 0.445415 0.069000 0.039301 0.082000
1 0.498362 0.068000 0.044760 0.092000
1 0.553493 0.069000 0.039301 0.082000
1 0.553493 0.174000 0.041485 0.084000
1 0.497817 0.176000 0.034934 0.080000
1 0.612991 0.173000 0.033843 0.078000
1 0.558406 0.279000 0.033843 0.074000
1 0.502729 0.280000 0.031659 0.076000
1 0.447598 0.390000 0.032751 0.072000
1 0.666485 0.389000 0.031659 0.074000
1 0.717795 0.280000 0.031659 0.076000
1 0.718886 0.069000 0.031659 0.074000
1 0.389192 0.818000 0.038210 0.080000
1 0.449782 0.821000 0.032751 0.078000
1 0.609716 0.931000 0.038210 0.082000
