0 0.501638 0.611000 0.033843 0.074000
0 0.554039 0.720000 0.031659 0.072000
0 0.444869 0.722000 0.038210 0.080000
0 0.389738 0.829000 0.037118 0.082000
0 0.442140 0.831000 0.041485 0.090000
0 0.554039 0.827000 0.038210 0.082000
0 0.658843 0.828000 0.040393 0.080000
0 0.662118 0.719000 0.031659 0.074000
0 0.609170 0.612000 0.032751 0.076000
0 0.717795 0.718000 0.031659 0.072000
0 0.555677 0.077000 0.037118 0.082000
0 0.390830 0.505000 0.032751 0.074000
3 0.228712 0.426000 0.033843 0.072000
3 0.185590 0.311000 0.032751 0.070000
2 0.778930 0.827000 0.031659 0.074000
2 0.862445 0.879000 0.037118 0.078000
2 0.973253 0.929000 0.033843 0.074000
1 0.340611 0.387000 0.034934 0.078000
1 0.284389 0.710000 0.029476 0.076000
1 0.340611 0.927000 0.026201 0.070000
1 0.282751 0.925000 0.034934 0.070000
1 0.557860 0.498000 0.028384 0.068000
1 0.553493 0.391000 0.039301 0.082000
1 0.501638 0.388000 0.029476 0.068000
1 0.449236 0.389000 0.029476 0.070000
1 0.501092 0.277000 0.037118 0.078000
1 0.391921 0.281000 0.030568 0.070000
1 0.334061 0.279000 0.039301 0.086000
1 0.282205 0.279000 0.031659 0.070000
1 0.283297 0.065000 0.029476 0.074000
1 0.339520 0.064000 0.037118 0.076000
1 0.389738 0.062000 0.039301 0.080000
1 0.449236 0.065000 0.036026 0.078000
1 0.449236 0.173000 0.040393 0.086000
1 0.499454 0.170000 0.036026 0.080000
1 0.665393 0.063000 0.036026 0.078000
1 0.721070 0.173000 0.031659 0.074000
1 0.666485 0.280000 0.036026 0.080000
1 0.720524 0.390000 0.028384 0.068000
1 0.665939 0.496000 0.030568 0.068000
