1 0.712336 0.173000 0.036026 0.078000
1 0.332969 0.387000 0.030568 0.066000
3 0.049672 0.236000 0.033843 0.072000
3 0.112445 0.239000 0.030568 0.070000
3 0.196507 0.226000 0.030568 0.072000
3 0.208515 0.089000 0.030568 0.070000
3 0.190502 0.378000 0.031659 0.072000
3 0.129367 0.396000 0.036026 0.076000
3 0.080240 0.448000 0.033843 0.076000
0 0.281659 0.615000 0.039301 0.082000
0 0.391376 0.617000 0.033843 0.074000
0 0.448144 0.719000 0.038210 0.078000
0 0.392467 0.719000 0.042576 0.086000
0 0.285480 0.825000 0.038210 0.074000
0 0.287118 0.937000 0.034934 0.082000
0 0.338974 0.932000 0.038210 0.072000
0 0.445415 0.936000 0.037118 0.080000
0 0.604803 0.610000 0.037118 0.084000
0 0.665939 0.506000 0.034934 0.072000
1 0.714520 0.713000 0.038210 0.086000
1 0.714520 0.496000 0.031659 0.068000
1 0.550764 0.498000 0.036026 0.076000
1 0.498362 0.387000 0.029476 0.070000
1 0.442686 0.387000 0.029476 0.070000
1 0.387009 0.387000 0.031659 0.070000
1 0.279476 0.387000 0.028384 0.070000
1 0.339520 0.172000 0.037118 0.076000
1 0.333515 0.067000 0.033843 0.074000
1 0.282205 0.064000 0.031659 0.076000
1 0.389738 0.064000 0.034934 0.076000
1 0.448144 0.065000 0.036026 0.078000
1 0.441594 0.281000 0.033843 0.074000
1 0.392467 0.281000 0.042576 0.086000
1 0.551310 0.280000 0.030568 0.068000
1 0.556223 0.173000 0.033843 0.074000
1 0.553493 0.063000 0.034934 0.078000
1 0.604803 0.171000 0.030568 0.070000
1 0.661026 0.278000 0.029476 0.068000
1 0.717795 0.066000 0.033843 0.084000
1 0.446507 0.604000 0.037118 0.080000
