1 0.612445 0.177000 0.037118 0.086000
1 0.610262 0.069000 0.037118 0.086000
1 0.555677 0.067000 0.037118 0.086000
1 0.446507 0.063000 0.039301 0.090000
1 0.284389 0.069000 0.038210 0.082000
1 0.335153 0.175000 0.034934 0.082000
1 0.444323 0.281000 0.032751 0.082000
1 0.341703 0.283000 0.037118 0.086000
1 0.280022 0.389000 0.036026 0.090000
1 0.393013 0.387000 0.034934 0.086000
1 0.448690 0.174000 0.043668 0.092000
1 0.721616 0.066000 0.039301 0.084000
1 0.502183 0.389000 0.034934 0.086000
1 0.551310 0.602000 0.034934 0.084000
1 0.554585 0.497000 0.039301 0.086000
0 0.284389 0.611000 0.033843 0.082000
0 0.391376 0.612000 0.031659 0.080000
0 0.387009 0.829000 0.038210 0.090000
0 0.334061 0.825000 0.034934 0.086000
0 0.281659 0.828000 0.032751 0.084000
0 0.338974 0.935000 0.036026 0.090000
0 0.551310 0.934000 0.039301 0.084000
0 0.605895 0.936000 0.039301 0.088000
0 0.445415 0.829000 0.041485 0.090000
0 0.557314 0.396000 0.033843 0.080000
0 0.498362 0.613000 0.031659 0.082000
0 0.443231 0.614000 0.032751 0.084000
0 0.606441 0.507000 0.031659 0.082000
0 0.659389 0.612000 0.041485 0.088000
0 0.713428 0.508000 0.033843 0.084000
0 0.715611 0.827000 0.033843 0.086000
0 0.665393 0.937000 0.038210 0.090000
3 0.125546 0.332000 0.039301 0.088000
2 0.822598 0.602000 0.042576 0.088000
2 0.795852 0.797000 0.034934 0.086000
2 0.795306 0.951000 0.033843 0.082000
2 0.889192 0.797000 0.031659 0.082000
2 0.900109 0.681000 0.033843 0.082000
2 0.955240 0.831000 0.034934 0.082000
2 0.969978 0.614000 0.033843 0.084000
