0 0.288755 0.292000 0.033843 0.072000
0 0.554585 0.503000 0.037118 0.074000
0 0.723253 0.721000 0.033843 0.078000
0 0.659934 0.826000 0.038210 0.084000
2 0.919760 0.777000 0.033843 0.070000
2 0.833515 0.869000 0.042576 0.082000
2 0.897926 0.653000 0.038210 0.078000
2 0.822052 0.668000 0.037118 0.076000
3 0.040939 0.221000 0.031659 0.070000
1 0.662118 0.926000 0.033843 0.084000
1 0.607533 0.064000 0.033843 0.076000
1 0.557314 0.065000 0.036026 0.082000
1 0.277293 0.065000 0.030568 0.074000
1 0.338974 0.064000 0.036026 0.076000
1 0.498362 0.069000 0.040393 0.082000
1 0.712336 0.175000 0.033843 0.074000
1 0.716157 0.386000 0.030568 0.072000
1 0.659389 0.494000 0.028384 0.068000
1 0.605349 0.495000 0.029476 0.070000
1 0.551856 0.278000 0.027293 0.068000
1 0.498908 0.495000 0.028384 0.066000
1 0.444869 0.278000 0.029476 0.068000
1 0.390284 0.387000 0.029476 0.070000
1 0.337336 0.498000 0.034934 0.072000
1 0.340611 0.389000 0.039301 0.082000
1 0.338974 0.279000 0.036026 0.078000
1 0.278930 0.386000 0.029476 0.068000
0 0.391921 0.614000 0.034934 0.072000
0 0.282751 0.613000 0.032751 0.078000
0 0.338974 0.723000 0.036026 0.074000
0 0.335699 0.832000 0.040393 0.084000
0 0.394105 0.828000 0.039301 0.080000
0 0.391376 0.719000 0.046943 0.090000
0 0.607533 0.939000 0.038210 0.082000
0 0.551856 0.935000 0.038210 0.082000
0 0.558952 0.722000 0.032751 0.072000
0 0.501638 0.717000 0.036026 0.070000
0 0.506004 0.400000 0.033843 0.072000
0 0.451419 0.508000 0.033843 0.072000
1 0.394651 0.062000 0.038210 0.080000
