1 0.284389 0.495000 0.038210 0.078000
1 0.336790 0.387000 0.031659 0.070000
1 0.283297 0.387000 0.031659 0.070000
1 0.284389 0.279000 0.031659 0.074000
1 0.449236 0.389000 0.029476 0.070000
1 0.503821 0.389000 0.029476 0.070000
1 0.555131 0.387000 0.031659 0.070000
1 0.612445 0.175000 0.030568 0.070000
1 0.557860 0.063000 0.037118 0.082000
1 0.394651 0.064000 0.038210 0.084000
1 0.395197 0.171000 0.037118 0.082000
1 0.450873 0.174000 0.041485 0.088000
1 0.340611 0.174000 0.037118 0.084000
1 0.340066 0.064000 0.038210 0.076000
1 0.663210 0.062000 0.036026 0.080000
1 0.723799 0.281000 0.032751 0.074000
1 0.663755 0.495000 0.032751 0.070000
1 0.721616 0.711000 0.028384 0.070000
0 0.334607 0.611000 0.031659 0.074000
0 0.390830 0.505000 0.030568 0.074000
0 0.284389 0.723000 0.038210 0.082000
0 0.282205 0.826000 0.033843 0.076000
0 0.389192 0.723000 0.042576 0.090000
0 0.444323 0.721000 0.039301 0.082000
0 0.445415 0.936000 0.039301 0.080000
0 0.500000 0.719000 0.032751 0.070000
0 0.554039 0.718000 0.031659 0.072000
0 0.610262 0.832000 0.037118 0.088000
0 0.610808 0.936000 0.040393 0.088000
0 0.712336 0.935000 0.033843 0.078000
0 0.717795 0.612000 0.033843 0.076000
0 0.609716 0.611000 0.036026 0.074000
0 0.552948 0.609000 0.040393 0.078000
0 0.607533 0.075000 0.038210 0.082000
3 0.165393 0.132000 0.031659 0.072000
3 0.056769 0.238000 0.030568 0.072000
3 0.039847 0.076000 0.031659 0.068000
3 0.164847 0.399000 0.030568 0.070000
2 0.901201 0.634000 0.040393 0.084000
2 0.961245 0.664000 0.042576 0.092000
