1 0.447052 0.177000 0.040393 0.086000
3 0.054585 0.259000 0.037118 0.086000
3 0.122817 0.333000 0.036026 0.090000
3 0.169760 0.079000 0.036026 0.086000
3 0.206878 0.281000 0.038210 0.086000
0 0.280568 0.506000 0.041485 0.088000
0 0.663755 0.612000 0.032751 0.084000
0 0.720524 0.613000 0.032751 0.082000
0 0.716703 0.827000 0.033843 0.086000
0 0.665939 0.828000 0.041485 0.088000
0 0.604803 0.935000 0.037118 0.086000
0 0.549672 0.937000 0.040393 0.090000
0 0.611354 0.722000 0.034934 0.088000
0 0.557314 0.720000 0.031659 0.080000
0 0.500000 0.612000 0.030568 0.080000
0 0.444323 0.722000 0.032751 0.084000
0 0.392467 0.612000 0.033843 0.080000
0 0.338974 0.828000 0.042576 0.092000
0 0.339520 0.613000 0.032751 0.082000
1 0.505459 0.712000 0.037118 0.084000
1 0.667031 0.390000 0.039301 0.088000
1 0.717795 0.389000 0.033843 0.082000
1 0.715611 0.281000 0.033843 0.086000
1 0.717249 0.067000 0.039301 0.086000
1 0.718341 0.175000 0.037118 0.086000
1 0.660480 0.175000 0.034934 0.086000
1 0.610262 0.281000 0.037118 0.086000
1 0.557314 0.067000 0.033843 0.082000
1 0.555677 0.280000 0.032751 0.084000
1 0.281114 0.824000 0.038210 0.088000
1 0.282751 0.607000 0.037118 0.086000
1 0.336790 0.282000 0.044760 0.092000
1 0.335153 0.391000 0.034934 0.082000
1 0.281114 0.066000 0.036026 0.084000
1 0.390830 0.068000 0.037118 0.084000
1 0.447598 0.067000 0.037118 0.086000
1 0.501638 0.283000 0.038210 0.090000
1 0.499454 0.392000 0.036026 0.084000
1 0.445415 0.391000 0.037118 0.086000
1 0.389738 0.281000 0.039301 0.090000
