2 0.805131 0.654000 0.031659 0.068000
2 0.932314 0.620000 0.039301 0.084000
2 0.897380 0.857000 0.030568 0.066000
2 0.823144 0.816000 0.032751 0.068000
3 0.201419 0.321000 0.036026 0.070000
3 0.186135 0.212000 0.031659 0.064000
3 0.132642 0.148000 0.031659 0.068000
3 0.117904 0.292000 0.030568 0.064000
3 0.115175 0.421000 0.031659 0.066000
3 0.053493 0.139000 0.032751 0.066000
0 0.282751 0.503000 0.041485 0.086000
0 0.720524 0.505000 0.039301 0.086000
0 0.615721 0.713000 0.034934 0.070000
0 0.661026 0.821000 0.038210 0.082000
0 0.554585 0.726000 0.030568 0.068000
0 0.718886 0.824000 0.029476 0.068000
0 0.554039 0.825000 0.036026 0.078000
0 0.502729 0.822000 0.038210 0.080000
0 0.448690 0.723000 0.030568 0.066000
0 0.389738 0.821000 0.037118 0.078000
0 0.335699 0.827000 0.036026 0.078000
0 0.284934 0.716000 0.032751 0.068000
0 0.287664 0.930000 0.033843 0.072000
0 0.342249 0.930000 0.033843 0.068000
0 0.495633 0.933000 0.041485 0.086000
1 0.332969 0.495000 0.032751 0.066000
1 0.388100 0.491000 0.033843 0.070000
1 0.494541 0.496000 0.030568 0.064000
1 0.441594 0.279000 0.031659 0.066000
1 0.390284 0.282000 0.036026 0.080000
1 0.276201 0.173000 0.032751 0.066000
1 0.333515 0.176000 0.036026 0.072000
1 0.329694 0.072000 0.034934 0.072000
1 0.444323 0.072000 0.037118 0.080000
1 0.550218 0.071000 0.039301 0.082000
1 0.554039 0.174000 0.038210 0.076000
1 0.551310 0.278000 0.030568 0.068000
1 0.606441 0.172000 0.029476 0.064000
1 0.715066 0.283000 0.032751 0.070000
1 0.281114 0.282000 0.033843 0.076000
