0 0.664356 0.828400 0.042467 0.091200
0 0.715502 0.934400 0.036245 0.075200
0 0.552129 0.933500 0.040939 0.089000
1 0.335590 0.386400 0.036245 0.071200
1 0.497544 0.277000 0.042031 0.082000
1 0.448417 0.278700 0.031114 0.070600
1 0.607746 0.276300 0.040622 0.084600
1 0.554913 0.063400 0.037773 0.081200
1 0.501834 0.064700 0.043559 0.086600
1 0.720977 0.174680 0.031845 0.073200
2 0.921288 0.576100 0.039520 0.079800
2 0.801889 0.777960 0.035087 0.080880
2 0.793559 0.942800 0.039520 0.082400
0 0.391867 0.609400 0.032642 0.073200
2 0.971889 0.720700 0.034389 0.074600
0 0.716386 0.498900 0.034389 0.082200
0 0.444378 0.608700 0.035044 0.078600
0 0.278930 0.288000 0.029476 0.076000
0 0.500000 0.503000 0.030568 0.070000
0 0.609716 0.611000 0.033843 0.074000
0 0.552948 0.718000 0.031659 0.072000
0 0.661026 0.719000 0.031659 0.074000
0 0.497271 0.938000 0.042576 0.092000
0 0.610317 0.939100 0.041376 0.089800
1 0.336245 0.280000 0.039301 0.084000
1 0.282205 0.386000 0.033843 0.080000
1 0.280568 0.605000 0.037118 0.082000
1 0.612991 0.388000 0.029476 0.072000
1 0.663755 0.387000 0.030568 0.070000
1 0.390830 0.062000 0.039301 0.080000
1 0.284934 0.066000 0.030568 0.072000
1 0.721616 0.280000 0.039301 0.084000
3 0.231987 0.162000 0.036026 0.084000
3 0.163755 0.283000 0.041485 0.086000
3 0.222707 0.309000 0.043668 0.086000
3 0.226528 0.441000 0.033843 0.070000
3 0.074782 0.367000 0.038210 0.082000
3 0.090066 0.256000 0.031659 0.076000
3 0.117358 0.111000 0.029476 0.070000
2 0.943777 0.841000 0.038210 0.086000
