2 0.881550 0.899000 0.038210 0.090000
1 0.388100 0.279000 0.036026 0.086000
1 0.445415 0.282000 0.032751 0.084000
1 0.391921 0.174000 0.037118 0.088000
1 0.338428 0.176000 0.037118 0.088000
1 0.281659 0.176000 0.034934 0.084000
1 0.505459 0.174000 0.039301 0.084000
1 0.501092 0.069000 0.041485 0.086000
1 0.550764 0.065000 0.038210 0.090000
1 0.557314 0.174000 0.038210 0.088000
1 0.665393 0.280000 0.033843 0.088000
1 0.663210 0.175000 0.038210 0.086000
1 0.554585 0.496000 0.034934 0.084000
1 0.720524 0.066000 0.039301 0.084000
0 0.283297 0.720000 0.036026 0.084000
0 0.499454 0.720000 0.036026 0.080000
0 0.606441 0.721000 0.033843 0.086000
0 0.662664 0.826000 0.041485 0.084000
2 0.889738 0.727000 0.043668 0.090000
2 0.810044 0.876000 0.032751 0.080000
1 0.335153 0.388000 0.034934 0.084000
2 0.977620 0.802000 0.036026 0.084000
2 0.962336 0.578000 0.036026 0.084000
3 0.149563 0.245000 0.034934 0.090000
3 0.043122 0.389000 0.036026 0.090000
3 0.168668 0.362000 0.036026 0.084000
0 0.282642 0.396700 0.036900 0.086600
0 0.388668 0.504640 0.037664 0.091800
0 0.337445 0.719040 0.036900 0.083000
0 0.334716 0.825500 0.040611 0.093000
0 0.386343 0.826100 0.040939 0.091800
0 0.501266 0.612640 0.034389 0.083800
0 0.387718 0.720700 0.046179 0.094600
0 0.609389 0.828640 0.037555 0.085280
0 0.553548 0.933800 0.041376 0.096400
0 0.715087 0.721380 0.037664 0.087800
0 0.662620 0.609740 0.037991 0.085600
0 0.718395 0.935640 0.037009 0.085800
0 0.657478 0.072100 0.043122 0.091800
3 0.161845 0.105000 0.038755 0.086000
