1 0.498908 0.171000 0.037118 0.082000
1 0.503821 0.281000 0.029476 0.070000
1 0.336790 0.387000 0.031659 0.070000
1 0.555131 0.388000 0.031659 0.068000
1 0.663210 0.388000 0.031659 0.072000
1 0.717795 0.279000 0.031659 0.070000
1 0.722162 0.065000 0.031659 0.074000
1 0.718886 0.602000 0.038210 0.080000
1 0.612445 0.819000 0.030568 0.070000
1 0.449236 0.929000 0.038210 0.082000
1 0.393013 0.604000 0.030568 0.068000
3 0.155131 0.096100 0.032969 0.071800
3 0.113974 0.237100 0.037991 0.073800
3 0.040120 0.308100 0.036572 0.075800
3 0.050273 0.055800 0.037227 0.076400
3 0.066048 0.423000 0.040393 0.086000
2 0.818341 0.895200 0.040611 0.085600
3 0.199345 0.253600 0.040611 0.088400
0 0.282151 0.501200 0.033734 0.081600
0 0.278384 0.719000 0.034934 0.078000
0 0.445961 0.611000 0.031659 0.074000
0 0.714410 0.502100 0.036245 0.079800
0 0.608133 0.394100 0.034825 0.075800
0 0.552238 0.936500 0.039629 0.091000
0 0.711845 0.823700 0.037009 0.084600
1 0.389028 0.061100 0.044869 0.085800
1 0.447162 0.280100 0.033624 0.071800
1 0.391758 0.277000 0.037445 0.082000
1 0.608570 0.066900 0.042467 0.089800
0 0.500000 0.505000 0.032751 0.074000
0 0.447052 0.508000 0.038210 0.084000
0 0.666485 0.615000 0.042576 0.090000
0 0.502183 0.725000 0.041485 0.086000
0 0.443777 0.829000 0.042576 0.090000
0 0.391921 0.938000 0.039301 0.084000
0 0.663755 0.941000 0.039301 0.090000
1 0.334061 0.279000 0.039301 0.086000
1 0.286463 0.068500 0.036245 0.081000
1 0.448526 0.063400 0.037445 0.081200
1 0.504913 0.066000 0.042576 0.088000
