1 0.499454 0.067000 0.038210 0.090000
1 0.445415 0.390000 0.037118 0.084000
1 0.500000 0.390000 0.041485 0.092000
1 0.551310 0.279000 0.037118 0.086000
1 0.660480 0.279000 0.037118 0.086000
1 0.612445 0.067000 0.039301 0.090000
1 0.555131 0.065000 0.036026 0.090000
1 0.716157 0.066000 0.034934 0.088000
1 0.393559 0.283000 0.042576 0.090000
1 0.394105 0.065000 0.039301 0.090000
1 0.497271 0.818000 0.038210 0.084000
1 0.716703 0.605000 0.036026 0.082000
1 0.280022 0.390000 0.038210 0.092000
3 0.137009 0.433000 0.038210 0.090000
3 0.078057 0.283000 0.040393 0.090000
3 0.042031 0.085000 0.038210 0.090000
2 0.829694 0.632000 0.034934 0.084000
2 0.787664 0.739000 0.036026 0.086000
2 0.858079 0.805000 0.034934 0.082000
2 0.952511 0.731000 0.033843 0.082000
2 0.905568 0.630000 0.038210 0.084000
2 0.935044 0.949000 0.033843 0.086000
0 0.331878 0.613000 0.039301 0.090000
0 0.337336 0.721000 0.032751 0.082000
0 0.389738 0.721000 0.032751 0.082000
0 0.444869 0.720000 0.033843 0.084000
0 0.392467 0.829000 0.038210 0.090000
0 0.334607 0.827000 0.038210 0.086000
0 0.284934 0.828000 0.037118 0.088000
0 0.393013 0.936000 0.034934 0.088000
0 0.501638 0.722000 0.036026 0.088000
0 0.498908 0.613000 0.032751 0.082000
0 0.554039 0.505000 0.033843 0.082000
0 0.659389 0.721000 0.045852 0.090000
0 0.606441 0.828000 0.033843 0.084000
0 0.609170 0.935000 0.037118 0.086000
0 0.721070 0.936000 0.036026 0.088000
0 0.718886 0.398000 0.033843 0.080000
0 0.282205 0.183000 0.038210 0.090000
