3 0.222162 0.349000 0.040393 0.090000
3 0.186681 0.196000 0.039301 0.088000
3 0.178493 0.085000 0.036026 0.086000
3 0.120087 0.127000 0.037118 0.086000
3 0.049127 0.114000 0.037118 0.088000
3 0.135917 0.260000 0.036026 0.088000
3 0.078603 0.409000 0.037118 0.086000
0 0.338974 0.613000 0.033843 0.082000
0 0.447052 0.505000 0.033843 0.082000
0 0.281659 0.503000 0.045852 0.090000
0 0.282205 0.612000 0.036026 0.084000
0 0.284934 0.827000 0.037118 0.086000
0 0.336790 0.825000 0.038210 0.086000
0 0.335153 0.934000 0.037118 0.088000
0 0.390284 0.934000 0.036026 0.084000
0 0.446507 0.936000 0.039301 0.088000
0 0.496725 0.826000 0.037118 0.088000
0 0.551856 0.828000 0.038210 0.088000
0 0.554039 0.721000 0.033843 0.082000
0 0.665939 0.936000 0.034934 0.088000
0 0.607533 0.506000 0.033843 0.084000
0 0.608624 0.395000 0.036026 0.086000
0 0.502183 0.505000 0.034934 0.082000
1 0.285480 0.282000 0.038210 0.084000
1 0.393013 0.497000 0.037118 0.086000
1 0.449236 0.281000 0.038210 0.086000
1 0.445415 0.176000 0.043668 0.088000
1 0.391921 0.173000 0.037118 0.090000
1 0.394651 0.067000 0.040393 0.090000
1 0.337882 0.067000 0.040393 0.086000
1 0.340611 0.174000 0.043668 0.092000
1 0.612991 0.068000 0.038210 0.088000
1 0.718886 0.175000 0.046943 0.090000
1 0.722707 0.282000 0.039301 0.088000
1 0.553493 0.389000 0.037118 0.086000
1 0.551856 0.495000 0.040393 0.094000
1 0.661572 0.497000 0.037118 0.086000
1 0.501638 0.281000 0.036026 0.086000
1 0.661026 0.712000 0.040393 0.092000
1 0.717249 0.711000 0.037118 0.086000
