0 0.448144 0.070000 0.038210 0.088000
0 0.609716 0.181000 0.033843 0.078000
0 0.498908 0.721000 0.032751 0.082000
0 0.393013 0.721000 0.034934 0.082000
0 0.278384 0.612000 0.039301 0.088000
0 0.280568 0.505000 0.032751 0.082000
0 0.283297 0.721000 0.036026 0.086000
0 0.664847 0.718000 0.034934 0.080000
0 0.662664 0.826000 0.043668 0.084000
0 0.719978 0.720000 0.033843 0.080000
0 0.717795 0.827000 0.036026 0.086000
0 0.717795 0.936000 0.038210 0.088000
0 0.607533 0.933000 0.038210 0.086000
0 0.501092 0.936000 0.045852 0.092000
0 0.391921 0.935000 0.037118 0.086000
0 0.337882 0.934000 0.036026 0.084000
3 0.164301 0.175000 0.042576 0.090000
3 0.181223 0.320000 0.039301 0.088000
3 0.143559 0.434000 0.036026 0.084000
3 0.081878 0.366000 0.037118 0.088000
3 0.032751 0.260000 0.034934 0.088000
3 0.073144 0.129000 0.037118 0.090000
2 0.796943 0.647000 0.037118 0.090000
2 0.951419 0.779000 0.038210 0.086000
2 0.967795 0.942000 0.033843 0.080000
1 0.285480 0.176000 0.038210 0.084000
1 0.337336 0.177000 0.041485 0.086000
1 0.390830 0.068000 0.037118 0.088000
1 0.503275 0.068000 0.041485 0.088000
1 0.501638 0.174000 0.036026 0.088000
1 0.498362 0.388000 0.036026 0.084000
1 0.445415 0.388000 0.037118 0.088000
1 0.443777 0.496000 0.040393 0.084000
1 0.556223 0.498000 0.033843 0.084000
1 0.608624 0.389000 0.036026 0.082000
1 0.552402 0.176000 0.037118 0.088000
1 0.665939 0.281000 0.034934 0.086000
1 0.662118 0.065000 0.040393 0.090000
1 0.716157 0.175000 0.034934 0.086000
1 0.715066 0.279000 0.037118 0.086000
