0 0.278930 0.938000 0.033843 0.084000
2 0.875546 0.778000 0.032751 0.084000
2 0.969432 0.863000 0.032751 0.086000
3 0.167576 0.326000 0.038210 0.088000
0 0.277838 0.505000 0.040393 0.090000
0 0.336790 0.398000 0.031659 0.084000
0 0.444323 0.613000 0.030568 0.082000
0 0.332969 0.719000 0.037118 0.086000
0 0.280568 0.721000 0.034934 0.086000
0 0.283297 0.827000 0.033843 0.078000
0 0.389738 0.934000 0.037118 0.084000
0 0.444869 0.935000 0.038210 0.086000
0 0.500546 0.935000 0.044760 0.090000
0 0.555131 0.936000 0.038210 0.088000
0 0.659389 0.828000 0.041485 0.088000
0 0.716157 0.935000 0.034934 0.086000
0 0.719432 0.721000 0.032751 0.078000
0 0.666485 0.721000 0.033843 0.082000
0 0.605895 0.722000 0.037118 0.088000
0 0.610262 0.611000 0.032751 0.078000
0 0.551856 0.398000 0.033843 0.084000
0 0.611354 0.070000 0.037118 0.084000
0 0.501092 0.288000 0.032751 0.080000
1 0.389192 0.496000 0.033843 0.084000
1 0.501092 0.495000 0.034934 0.086000
1 0.338428 0.177000 0.034934 0.086000
1 0.338974 0.069000 0.038210 0.086000
1 0.285480 0.066000 0.036026 0.084000
1 0.284934 0.176000 0.039301 0.088000
1 0.558952 0.066000 0.034934 0.084000
1 0.501638 0.070000 0.042576 0.088000
1 0.449236 0.066000 0.036026 0.084000
1 0.666485 0.176000 0.036026 0.088000
1 0.715611 0.175000 0.036026 0.086000
1 0.662664 0.388000 0.034934 0.084000
1 0.721070 0.495000 0.033843 0.086000
1 0.552948 0.603000 0.033843 0.082000
1 0.503275 0.604000 0.034934 0.088000
1 0.604258 0.931000 0.036026 0.086000
1 0.443231 0.281000 0.034934 0.082000
