2 0.968341 0.593000 0.045852 0.094000
2 0.893559 0.665000 0.040393 0.082000
0 0.338428 0.827000 0.039301 0.078000
0 0.287118 0.719000 0.034934 0.078000
0 0.394651 0.718000 0.044760 0.092000
0 0.283843 0.830000 0.037118 0.076000
0 0.342249 0.615000 0.033843 0.074000
0 0.447598 0.613000 0.039301 0.082000
0 0.610808 0.614000 0.033843 0.072000
0 0.665939 0.723000 0.034934 0.070000
0 0.723799 0.616000 0.034934 0.076000
0 0.662664 0.824000 0.041485 0.084000
0 0.722162 0.936000 0.036026 0.080000
0 0.447052 0.076000 0.036026 0.076000
3 0.222162 0.272000 0.031659 0.072000
3 0.164847 0.302000 0.030568 0.068000
3 0.111354 0.191000 0.032751 0.074000
3 0.058952 0.079000 0.030568 0.070000
3 0.050218 0.393000 0.030568 0.070000
1 0.336245 0.279000 0.030568 0.070000
1 0.281659 0.386000 0.030568 0.072000
1 0.280568 0.498000 0.039301 0.084000
1 0.339520 0.172000 0.039301 0.080000
1 0.280022 0.065000 0.033843 0.074000
1 0.334061 0.067000 0.034934 0.074000
1 0.498362 0.067000 0.040393 0.086000
1 0.447052 0.173000 0.036026 0.078000
1 0.445961 0.277000 0.031659 0.074000
1 0.500000 0.387000 0.030568 0.070000
1 0.609170 0.276000 0.030568 0.072000
1 0.554585 0.279000 0.039301 0.082000
1 0.496725 0.172000 0.039301 0.076000
1 0.611354 0.063000 0.037118 0.078000
1 0.659389 0.065000 0.037118 0.074000
1 0.663755 0.277000 0.030568 0.074000
1 0.664301 0.389000 0.038210 0.082000
1 0.711790 0.279000 0.037118 0.078000
1 0.386463 0.815000 0.032751 0.070000
1 0.444869 0.928000 0.036026 0.076000
