1 0.547489 0.390000 0.031659 0.064000
1 0.657205 0.605000 0.032751 0.066000
1 0.713428 0.817000 0.033843 0.066000
0 0.283297 0.825000 0.031659 0.070000
0 0.340066 0.828000 0.038210 0.084000
0 0.342795 0.930000 0.034934 0.068000
0 0.391921 0.935000 0.034934 0.074000
0 0.341703 0.722000 0.030568 0.064000
0 0.394105 0.617000 0.028384 0.066000
0 0.391376 0.721000 0.042576 0.086000
0 0.391376 0.821000 0.038210 0.078000
0 0.450873 0.717000 0.034934 0.070000
1 0.278930 0.493000 0.033843 0.070000
1 0.334607 0.492000 0.033843 0.068000
1 0.280568 0.388000 0.034934 0.076000
1 0.390830 0.281000 0.037118 0.082000
1 0.333515 0.174000 0.038210 0.084000
1 0.442140 0.176000 0.037118 0.072000
1 0.442686 0.071000 0.038210 0.082000
1 0.497271 0.278000 0.031659 0.068000
1 0.443231 0.384000 0.032751 0.072000
1 0.606441 0.383000 0.033843 0.070000
1 0.602074 0.286000 0.036026 0.072000
1 0.606441 0.069000 0.036026 0.074000
1 0.550218 0.071000 0.039301 0.082000
1 0.713428 0.285000 0.033843 0.070000
0 0.450873 0.614000 0.030568 0.064000
0 0.505459 0.722000 0.030568 0.064000
0 0.502183 0.823000 0.039301 0.082000
0 0.552948 0.826000 0.036026 0.080000
0 0.556769 0.726000 0.030568 0.068000
0 0.608624 0.716000 0.040393 0.084000
0 0.611354 0.831000 0.030568 0.066000
0 0.669214 0.828000 0.030568 0.064000
0 0.721070 0.714000 0.033843 0.068000
0 0.719432 0.509000 0.030568 0.070000
3 0.033297 0.189000 0.033843 0.070000
2 0.829694 0.810000 0.043668 0.088000
2 0.900655 0.947000 0.034934 0.074000
2 0.921397 0.836000 0.034934 0.076000
