3 0.061681 0.294000 0.033843 0.076000
3 0.125546 0.243000 0.034934 0.078000
3 0.205786 0.062000 0.033843 0.076000
3 0.083515 0.068000 0.033843 0.076000
3 0.135371 0.391000 0.032751 0.074000
3 0.231987 0.418000 0.036026 0.076000
1 0.338974 0.284000 0.040393 0.088000
1 0.503821 0.283000 0.040393 0.082000
1 0.449236 0.175000 0.044760 0.090000
1 0.447052 0.068000 0.038210 0.080000
1 0.395197 0.067000 0.039301 0.082000
1 0.338974 0.069000 0.036026 0.078000
1 0.282205 0.176000 0.033843 0.080000
1 0.286026 0.280000 0.032751 0.076000
1 0.554585 0.284000 0.037118 0.076000
1 0.606987 0.282000 0.039301 0.080000
1 0.556769 0.067000 0.041485 0.086000
1 0.664301 0.284000 0.040393 0.088000
1 0.720524 0.285000 0.041485 0.086000
1 0.720524 0.068000 0.032751 0.076000
1 0.719978 0.389000 0.031659 0.074000
1 0.717795 0.496000 0.040393 0.084000
1 0.557860 0.497000 0.032751 0.074000
1 0.449782 0.603000 0.032751 0.074000
1 0.390830 0.495000 0.032751 0.074000
1 0.551856 0.818000 0.033843 0.076000
1 0.663755 0.819000 0.032751 0.074000
1 0.715611 0.928000 0.038210 0.084000
0 0.282205 0.613000 0.033843 0.074000
0 0.278384 0.719000 0.039301 0.082000
0 0.337336 0.723000 0.032751 0.074000
0 0.388646 0.827000 0.039301 0.086000
0 0.339520 0.936000 0.039301 0.084000
0 0.279476 0.936000 0.034934 0.080000
0 0.497271 0.828000 0.031659 0.076000
0 0.609170 0.718000 0.041485 0.088000
0 0.658297 0.613000 0.034934 0.078000
0 0.715066 0.611000 0.032751 0.078000
0 0.606987 0.183000 0.032751 0.074000
0 0.334607 0.612000 0.046943 0.096000
