3 0.215611 0.259000 0.031659 0.074000
0 0.337336 0.611000 0.045852 0.090000
0 0.334607 0.721000 0.036026 0.082000
0 0.336245 0.829000 0.039301 0.082000
0 0.282751 0.936000 0.034934 0.080000
0 0.450328 0.936000 0.033843 0.080000
0 0.499454 0.827000 0.036026 0.082000
0 0.507096 0.509000 0.033843 0.074000
0 0.666485 0.615000 0.036026 0.074000
0 0.614629 0.615000 0.034934 0.074000
0 0.720524 0.719000 0.034934 0.078000
0 0.665939 0.825000 0.041485 0.086000
0 0.610808 0.825000 0.040393 0.082000
0 0.718886 0.932000 0.038210 0.076000
0 0.662118 0.935000 0.038210 0.078000
0 0.612991 0.936000 0.040393 0.084000
0 0.390830 0.396000 0.043668 0.088000
0 0.719432 0.400000 0.034934 0.072000
1 0.390830 0.495000 0.030568 0.070000
1 0.283843 0.280000 0.037118 0.076000
1 0.282205 0.170000 0.031659 0.072000
1 0.338974 0.066000 0.038210 0.080000
1 0.444323 0.066000 0.034934 0.076000
1 0.551310 0.279000 0.030568 0.070000
1 0.392467 0.281000 0.044760 0.086000
1 0.555131 0.065000 0.036026 0.078000
1 0.666485 0.174000 0.038210 0.088000
1 0.716157 0.063000 0.037118 0.078000
1 0.663210 0.277000 0.031659 0.074000
1 0.606987 0.387000 0.030568 0.070000
1 0.715066 0.494000 0.030568 0.068000
1 0.499454 0.601000 0.029476 0.070000
1 0.551310 0.498000 0.037118 0.076000
1 0.444869 0.707000 0.031659 0.070000
1 0.446507 0.388000 0.037118 0.076000
2 0.828057 0.625000 0.033843 0.078000
2 0.919760 0.743000 0.033843 0.074000
2 0.949236 0.610000 0.036026 0.076000
0 0.282751 0.509000 0.034934 0.074000
3 0.085153 0.253000 0.030568 0.070000
