1 0.553493 0.065000 0.039301 0.082000
1 0.498908 0.066000 0.043668 0.088000
1 0.504913 0.170000 0.038210 0.084000
1 0.555677 0.279000 0.030568 0.070000
1 0.501092 0.281000 0.030568 0.070000
1 0.608079 0.061000 0.041485 0.082000
1 0.723253 0.175000 0.031659 0.074000
1 0.608079 0.172000 0.034934 0.076000
1 0.664847 0.390000 0.030568 0.072000
1 0.390284 0.170000 0.036026 0.084000
1 0.340611 0.173000 0.037118 0.082000
1 0.337336 0.064000 0.032751 0.072000
1 0.288210 0.282000 0.030568 0.076000
1 0.284389 0.390000 0.029476 0.068000
1 0.391376 0.387000 0.033843 0.074000
3 0.153930 0.403000 0.030568 0.070000
3 0.069323 0.381000 0.036026 0.074000
3 0.043122 0.168000 0.038210 0.084000
2 0.872817 0.859000 0.031659 0.078000
0 0.440502 0.507000 0.038210 0.086000
0 0.281659 0.610000 0.032751 0.076000
0 0.279476 0.720000 0.041485 0.084000
0 0.278384 0.827000 0.034934 0.082000
0 0.335699 0.829000 0.036026 0.082000
0 0.338428 0.934000 0.041485 0.084000
0 0.390830 0.827000 0.039301 0.082000
0 0.391376 0.934000 0.031659 0.076000
0 0.445415 0.828000 0.041485 0.088000
0 0.445415 0.719000 0.032751 0.078000
0 0.500546 0.611000 0.036026 0.078000
0 0.556769 0.504000 0.043668 0.092000
0 0.608079 0.502000 0.032751 0.076000
0 0.718341 0.506000 0.039301 0.080000
0 0.661026 0.611000 0.031659 0.078000
0 0.554585 0.719000 0.032751 0.078000
0 0.499454 0.828000 0.038210 0.084000
0 0.666485 0.829000 0.040393 0.090000
0 0.664301 0.938000 0.038210 0.088000
0 0.609170 0.935000 0.039301 0.082000
0 0.717249 0.933000 0.032751 0.078000
