1 0.448144 0.280000 0.036026 0.084000
1 0.449782 0.175000 0.039301 0.090000
1 0.391376 0.173000 0.038210 0.090000
1 0.339520 0.176000 0.037118 0.088000
1 0.337336 0.068000 0.037118 0.084000
1 0.281659 0.175000 0.034934 0.086000
1 0.339520 0.389000 0.034934 0.086000
1 0.393013 0.389000 0.034934 0.086000
1 0.443777 0.388000 0.036026 0.088000
1 0.501092 0.390000 0.034934 0.084000
1 0.610808 0.388000 0.036026 0.088000
1 0.663755 0.281000 0.032751 0.082000
1 0.715066 0.173000 0.037118 0.086000
1 0.503821 0.068000 0.038210 0.084000
1 0.556223 0.604000 0.040393 0.088000
0 0.282751 0.610000 0.034934 0.084000
0 0.282751 0.720000 0.032751 0.080000
0 0.340066 0.720000 0.033843 0.080000
0 0.391921 0.612000 0.030568 0.080000
0 0.336790 0.827000 0.036026 0.086000
0 0.444323 0.613000 0.030568 0.082000
0 0.502729 0.613000 0.036026 0.082000
0 0.495087 0.828000 0.038210 0.088000
0 0.445961 0.936000 0.038210 0.088000
0 0.662664 0.935000 0.034934 0.086000
0 0.608624 0.721000 0.031659 0.082000
0 0.552948 0.825000 0.036026 0.086000
0 0.662118 0.719000 0.040393 0.086000
0 0.663755 0.613000 0.032751 0.082000
0 0.719978 0.721000 0.036026 0.086000
1 0.715066 0.495000 0.037118 0.086000
0 0.607533 0.288000 0.040393 0.084000
3 0.160480 0.227000 0.039301 0.090000
3 0.089520 0.079000 0.037118 0.086000
3 0.180677 0.447000 0.040393 0.090000
2 0.792031 0.597000 0.036026 0.086000
2 0.875546 0.589000 0.032751 0.078000
2 0.927948 0.777000 0.032751 0.082000
2 0.856441 0.862000 0.031659 0.080000
0 0.386463 0.720000 0.043668 0.088000
