1 0.285480 0.280000 0.029476 0.072000
0 0.388100 0.506000 0.036026 0.084000
0 0.609170 0.611000 0.032751 0.078000
0 0.605349 0.723000 0.036026 0.082000
0 0.497817 0.719000 0.028384 0.074000
0 0.444323 0.718000 0.030568 0.072000
0 0.391376 0.609000 0.031659 0.074000
0 0.278930 0.719000 0.031659 0.074000
0 0.500546 0.828000 0.038210 0.076000
0 0.555677 0.830000 0.039301 0.084000
0 0.662664 0.721000 0.039301 0.086000
0 0.713974 0.936000 0.030568 0.076000
0 0.390284 0.936000 0.038210 0.080000
0 0.334607 0.938000 0.036026 0.084000
0 0.282205 0.934000 0.031659 0.072000
0 0.446507 0.937000 0.039301 0.078000
3 0.195961 0.217000 0.031659 0.070000
3 0.157205 0.321000 0.030568 0.070000
3 0.086790 0.291000 0.031659 0.070000
3 0.057314 0.151000 0.029476 0.070000
3 0.175764 0.108000 0.030568 0.072000
1 0.282205 0.173000 0.038210 0.082000
1 0.392467 0.174000 0.033843 0.080000
1 0.394105 0.064000 0.037118 0.080000
1 0.336790 0.283000 0.040393 0.082000
1 0.394651 0.281000 0.029476 0.070000
1 0.448690 0.496000 0.030568 0.068000
1 0.503275 0.498000 0.028384 0.068000
1 0.444323 0.279000 0.037118 0.082000
1 0.500000 0.277000 0.037118 0.078000
1 0.611900 0.175000 0.029476 0.070000
1 0.558406 0.281000 0.029476 0.070000
1 0.498908 0.065000 0.041485 0.082000
1 0.609716 0.277000 0.036026 0.078000
1 0.666485 0.174000 0.040393 0.084000
1 0.663210 0.279000 0.031659 0.070000
1 0.723253 0.175000 0.029476 0.074000
1 0.718341 0.497000 0.028384 0.066000
0 0.337882 0.614000 0.042576 0.088000
0 0.712336 0.718000 0.031659 0.076000
