0 0.500000 0.396000 0.032751 0.072000
0 0.605895 0.397000 0.030568 0.074000
0 0.662664 0.611000 0.032751 0.074000
0 0.665393 0.828000 0.040393 0.088000
0 0.716703 0.826000 0.033843 0.076000
0 0.662664 0.940000 0.037118 0.084000
0 0.389738 0.723000 0.043668 0.086000
0 0.389192 0.611000 0.031659 0.074000
0 0.445961 0.610000 0.031659 0.072000
0 0.335699 0.611000 0.031659 0.074000
0 0.277838 0.724000 0.036026 0.084000
0 0.281114 0.825000 0.031659 0.074000
0 0.389738 0.830000 0.037118 0.084000
0 0.278930 0.936000 0.042576 0.084000
0 0.337882 0.941000 0.038210 0.086000
1 0.284389 0.280000 0.029476 0.068000
1 0.335699 0.171000 0.040393 0.082000
1 0.342795 0.063000 0.034934 0.078000
1 0.288755 0.065000 0.031659 0.074000
1 0.337336 0.282000 0.030568 0.068000
1 0.394651 0.389000 0.029476 0.070000
1 0.449236 0.388000 0.029476 0.068000
1 0.501638 0.173000 0.033843 0.078000
1 0.449236 0.064000 0.036026 0.080000
1 0.500000 0.068000 0.041485 0.080000
1 0.553493 0.063000 0.037118 0.078000
1 0.607533 0.063000 0.040393 0.082000
1 0.666485 0.063000 0.036026 0.078000
1 0.612445 0.174000 0.030568 0.072000
1 0.661572 0.171000 0.037118 0.082000
1 0.719432 0.387000 0.028384 0.074000
1 0.719432 0.498000 0.030568 0.068000
1 0.559498 0.497000 0.029476 0.070000
1 0.500546 0.495000 0.031659 0.070000
1 0.499454 0.711000 0.038210 0.086000
3 0.209607 0.429000 0.030568 0.066000
3 0.206878 0.165000 0.031659 0.074000
3 0.146834 0.340000 0.033843 0.072000
3 0.073144 0.324000 0.041485 0.088000
3 0.078603 0.158000 0.030568 0.072000
