2 0.900109 0.758000 0.033843 0.084000
3 0.198690 0.091000 0.037118 0.090000
3 0.084607 0.059000 0.040393 0.086000
3 0.041485 0.205000 0.037118 0.086000
3 0.099345 0.256000 0.037118 0.088000
3 0.092795 0.394000 0.034934 0.088000
3 0.199236 0.282000 0.036026 0.088000
3 0.205786 0.405000 0.038210 0.086000
1 0.337336 0.177000 0.037118 0.086000
1 0.284389 0.282000 0.038210 0.084000
1 0.282751 0.496000 0.037118 0.088000
1 0.388100 0.603000 0.038210 0.086000
1 0.443231 0.389000 0.039301 0.086000
1 0.661026 0.389000 0.036026 0.086000
1 0.720524 0.389000 0.032751 0.086000
1 0.717795 0.283000 0.038210 0.086000
1 0.721616 0.173000 0.039301 0.086000
1 0.664847 0.067000 0.037118 0.086000
1 0.558952 0.067000 0.039301 0.086000
1 0.504367 0.066000 0.043668 0.092000
1 0.606441 0.604000 0.036026 0.088000
1 0.334607 0.928000 0.042576 0.092000
1 0.498908 0.390000 0.034934 0.084000
0 0.340066 0.613000 0.031659 0.082000
0 0.448690 0.612000 0.032751 0.080000
0 0.388100 0.827000 0.038210 0.086000
0 0.500000 0.722000 0.030568 0.080000
0 0.555677 0.827000 0.034934 0.086000
0 0.611900 0.829000 0.033843 0.082000
0 0.552402 0.935000 0.039301 0.086000
0 0.666485 0.828000 0.040393 0.088000
0 0.662118 0.722000 0.031659 0.084000
0 0.721616 0.827000 0.034934 0.086000
0 0.718341 0.612000 0.030568 0.080000
0 0.555131 0.505000 0.036026 0.086000
0 0.554039 0.399000 0.031659 0.082000
0 0.611354 0.179000 0.037118 0.086000
1 0.443231 0.496000 0.037118 0.088000
0 0.609170 0.398000 0.039301 0.088000
0 0.446507 0.828000 0.043668 0.092000
