1 0.393013 0.391000 0.034934 0.086000
0 0.278930 0.720000 0.040393 0.088000
0 0.390284 0.721000 0.031659 0.082000
0 0.441594 0.722000 0.038210 0.088000
0 0.339520 0.613000 0.032751 0.082000
0 0.503275 0.506000 0.030568 0.080000
0 0.609170 0.722000 0.030568 0.080000
0 0.607533 0.827000 0.042576 0.086000
0 0.665393 0.936000 0.042576 0.092000
0 0.609716 0.935000 0.036026 0.086000
0 0.497817 0.935000 0.043668 0.090000
0 0.441594 0.936000 0.038210 0.088000
0 0.390830 0.933000 0.037118 0.082000
0 0.336245 0.937000 0.034934 0.086000
0 0.280568 0.937000 0.032751 0.086000
0 0.663755 0.506000 0.030568 0.080000
0 0.498908 0.289000 0.034934 0.086000
0 0.718886 0.720000 0.036026 0.084000
1 0.501638 0.822000 0.038210 0.092000
1 0.283297 0.497000 0.033843 0.082000
1 0.338974 0.389000 0.033843 0.086000
1 0.444323 0.389000 0.039301 0.086000
1 0.395742 0.174000 0.040393 0.088000
1 0.334607 0.176000 0.036026 0.088000
1 0.551310 0.279000 0.037118 0.082000
1 0.503275 0.175000 0.037118 0.086000
1 0.503821 0.067000 0.042576 0.090000
1 0.666485 0.066000 0.038210 0.088000
1 0.663755 0.176000 0.037118 0.088000
1 0.606441 0.281000 0.038210 0.086000
1 0.660480 0.280000 0.034934 0.084000
1 0.717249 0.281000 0.037118 0.086000
1 0.717249 0.497000 0.034934 0.086000
3 0.137009 0.222000 0.040393 0.092000
3 0.073144 0.237000 0.039301 0.086000
2 0.780568 0.640000 0.030568 0.084000
2 0.877729 0.606000 0.032751 0.084000
2 0.970524 0.750000 0.032751 0.084000
2 0.831878 0.802000 0.039301 0.088000
2 0.924672 0.910000 0.032751 0.080000
