0 0.283297 0.505000 0.031659 0.082000
0 0.335153 0.613000 0.034934 0.086000
0 0.281114 0.613000 0.033843 0.086000
0 0.337882 0.723000 0.038210 0.090000
0 0.334061 0.827000 0.034934 0.086000
0 0.391376 0.824000 0.036026 0.084000
0 0.336790 0.935000 0.036026 0.086000
0 0.445961 0.937000 0.031659 0.082000
0 0.442140 0.828000 0.041485 0.084000
0 0.498362 0.720000 0.040393 0.084000
0 0.552948 0.721000 0.031659 0.082000
0 0.662118 0.719000 0.042576 0.086000
0 0.611900 0.613000 0.033843 0.082000
0 0.666485 0.612000 0.033843 0.080000
0 0.719978 0.612000 0.031659 0.080000
0 0.721070 0.937000 0.036026 0.086000
0 0.665393 0.936000 0.036026 0.088000
0 0.555677 0.939000 0.039301 0.090000
0 0.503275 0.399000 0.030568 0.078000
3 0.128275 0.244000 0.044760 0.096000
3 0.068231 0.336000 0.036026 0.084000
3 0.149563 0.062000 0.034934 0.088000
3 0.141376 0.367000 0.036026 0.086000
1 0.334607 0.390000 0.036026 0.084000
1 0.340066 0.281000 0.036026 0.082000
1 0.278384 0.280000 0.037118 0.088000
1 0.280022 0.174000 0.036026 0.084000
1 0.389738 0.389000 0.034934 0.086000
1 0.445961 0.391000 0.038210 0.086000
1 0.443777 0.497000 0.033843 0.086000
1 0.498908 0.497000 0.034934 0.086000
1 0.610808 0.389000 0.033843 0.086000
1 0.552402 0.282000 0.034934 0.084000
1 0.611354 0.284000 0.034934 0.084000
1 0.720524 0.280000 0.032751 0.084000
1 0.715066 0.172000 0.037118 0.084000
1 0.558952 0.067000 0.039301 0.086000
1 0.444869 0.175000 0.042576 0.090000
1 0.393559 0.066000 0.036026 0.088000
1 0.607533 0.820000 0.033843 0.084000
