0 0.556223 0.726000 0.031659 0.068000
1 0.276201 0.070000 0.034934 0.072000
1 0.330240 0.072000 0.033843 0.072000
1 0.333515 0.179000 0.033843 0.070000
1 0.500546 0.068000 0.038210 0.080000
1 0.499454 0.180000 0.038210 0.080000
1 0.496179 0.283000 0.036026 0.074000
1 0.496725 0.385000 0.032751 0.066000
1 0.443231 0.383000 0.032751 0.070000
1 0.388646 0.274000 0.032751 0.068000
1 0.332424 0.285000 0.038210 0.082000
1 0.280022 0.390000 0.036026 0.076000
1 0.332969 0.603000 0.030568 0.066000
2 0.974345 0.950000 0.033843 0.068000
2 0.793668 0.868000 0.030568 0.068000
2 0.903384 0.598000 0.031659 0.068000
3 0.039301 0.082000 0.032751 0.068000
0 0.558406 0.081000 0.031659 0.066000
0 0.664847 0.295000 0.032751 0.070000
0 0.719978 0.617000 0.031659 0.070000
0 0.715066 0.500000 0.037118 0.084000
0 0.288755 0.829000 0.031659 0.066000
0 0.340611 0.934000 0.034934 0.072000
0 0.338974 0.826000 0.036026 0.076000
0 0.556769 0.932000 0.041485 0.084000
0 0.665939 0.934000 0.034934 0.072000
0 0.608624 0.822000 0.040393 0.084000
0 0.557860 0.824500 0.037118 0.083000
0 0.500000 0.825000 0.037118 0.082000
0 0.503821 0.722000 0.029476 0.064000
0 0.442140 0.826000 0.039301 0.084000
0 0.450328 0.722000 0.031659 0.068000
0 0.393013 0.821000 0.037118 0.078000
0 0.391921 0.726000 0.030568 0.068000
0 0.282205 0.611000 0.033843 0.074000
1 0.715611 0.281000 0.036026 0.074000
1 0.658297 0.070000 0.034934 0.072000
1 0.716703 0.927000 0.040393 0.082000
1 0.711790 0.173000 0.032751 0.066000
1 0.551310 0.276000 0.032751 0.068000
