1 0.658843 0.387000 0.031659 0.070000
1 0.663210 0.928000 0.036026 0.080000
1 0.713428 0.495000 0.029476 0.070000
1 0.608624 0.386000 0.029476 0.072000
1 0.553493 0.385000 0.030568 0.070000
0 0.341157 0.615000 0.036026 0.074000
0 0.445961 0.723000 0.036026 0.078000
0 0.555131 0.724000 0.036026 0.076000
0 0.606987 0.609000 0.039301 0.082000
0 0.606987 0.721000 0.034934 0.078000
0 0.660480 0.829000 0.039301 0.082000
0 0.720524 0.935000 0.032751 0.078000
0 0.606987 0.939000 0.039301 0.082000
0 0.555677 0.933000 0.039301 0.086000
0 0.498908 0.935000 0.048035 0.090000
0 0.503275 0.829000 0.041485 0.078000
0 0.448144 0.937000 0.040393 0.078000
0 0.335153 0.832000 0.039301 0.084000
0 0.282751 0.829000 0.034934 0.082000
0 0.341157 0.934000 0.038210 0.076000
0 0.504367 0.398000 0.034934 0.068000
0 0.719978 0.723000 0.036026 0.074000
3 0.027838 0.111000 0.033843 0.074000
0 0.612445 0.293000 0.032751 0.070000
0 0.610262 0.078000 0.032751 0.068000
1 0.283843 0.283000 0.034934 0.074000
1 0.280022 0.174000 0.031659 0.072000
1 0.339520 0.174000 0.037118 0.080000
1 0.334607 0.279000 0.031659 0.066000
1 0.390284 0.174000 0.036026 0.076000
1 0.389192 0.063000 0.036026 0.078000
1 0.442140 0.278000 0.030568 0.068000
1 0.386463 0.494000 0.030568 0.072000
1 0.503275 0.173000 0.032751 0.078000
1 0.501638 0.064000 0.042576 0.084000
1 0.714520 0.066000 0.036026 0.076000
1 0.281659 0.600000 0.028384 0.068000
1 0.496179 0.601000 0.029476 0.070000
0 0.501092 0.289000 0.037118 0.074000
0 0.288755 0.509000 0.036026 0.074000
