0 0.338428 0.719000 0.034934 0.082000
0 0.285480 0.612000 0.036026 0.080000
2 0.941594 0.918000 0.038210 0.088000
2 0.956878 0.741000 0.036026 0.082000
2 0.887009 0.585000 0.036026 0.082000
2 0.824236 0.696000 0.034934 0.084000
2 0.832424 0.935000 0.036026 0.082000
0 0.717795 0.612000 0.033843 0.080000
0 0.718886 0.830000 0.027293 0.072000
0 0.662664 0.720000 0.043668 0.088000
0 0.447052 0.829000 0.040393 0.090000
1 0.395197 0.929000 0.037118 0.086000
1 0.611900 0.388000 0.036026 0.084000
1 0.721070 0.280000 0.033843 0.084000
1 0.717795 0.067000 0.042576 0.086000
1 0.663755 0.178000 0.039301 0.084000
1 0.610808 0.282000 0.040393 0.088000
1 0.502183 0.280000 0.037118 0.084000
1 0.557314 0.389000 0.036026 0.086000
1 0.555677 0.177000 0.037118 0.086000
0 0.388646 0.613000 0.032751 0.082000
1 0.501638 0.067000 0.044760 0.090000
1 0.449782 0.067000 0.037118 0.086000
1 0.389192 0.066000 0.033843 0.084000
1 0.340066 0.067000 0.038210 0.086000
1 0.339520 0.280000 0.037118 0.084000
1 0.280022 0.172000 0.036026 0.088000
1 0.280568 0.282000 0.039301 0.088000
1 0.280568 0.390000 0.043668 0.092000
0 0.498908 0.183000 0.039301 0.086000
0 0.502183 0.506000 0.032751 0.080000
0 0.556223 0.612000 0.033843 0.080000
0 0.498362 0.827000 0.036026 0.082000
0 0.287118 0.936000 0.041485 0.088000
0 0.444323 0.935000 0.034934 0.086000
0 0.332424 0.828000 0.038210 0.088000
0 0.387009 0.828000 0.040393 0.088000
0 0.442686 0.721000 0.033843 0.082000
0 0.283297 0.720000 0.036026 0.084000
0 0.390830 0.719000 0.037118 0.082000
