0 0.281659 0.613000 0.034934 0.082000
1 0.445415 0.708000 0.030568 0.072000
3 0.192140 0.184000 0.030568 0.068000
3 0.112991 0.204000 0.031659 0.072000
3 0.044214 0.287000 0.033843 0.074000
3 0.028384 0.170000 0.032751 0.072000
3 0.215611 0.306000 0.031659 0.072000
0 0.611354 0.401000 0.034934 0.074000
0 0.560044 0.615000 0.034934 0.074000
0 0.502729 0.724000 0.036026 0.072000
0 0.338428 0.719000 0.039301 0.078000
0 0.395197 0.722000 0.037118 0.072000
0 0.445415 0.826000 0.048035 0.092000
0 0.341703 0.937000 0.034934 0.070000
0 0.611900 0.827000 0.042576 0.082000
0 0.723253 0.828000 0.036026 0.084000
0 0.722162 0.722000 0.036026 0.072000
1 0.281659 0.387000 0.030568 0.070000
1 0.284389 0.282000 0.036026 0.076000
1 0.281114 0.173000 0.033843 0.078000
1 0.335153 0.173000 0.037118 0.086000
1 0.447052 0.174000 0.042576 0.088000
1 0.386463 0.279000 0.030568 0.070000
1 0.444323 0.280000 0.034934 0.076000
1 0.391921 0.065000 0.037118 0.078000
1 0.442140 0.063000 0.039301 0.078000
1 0.554039 0.172000 0.038210 0.076000
1 0.500000 0.277000 0.030568 0.070000
1 0.552948 0.279000 0.029476 0.070000
1 0.663755 0.278000 0.030568 0.072000
1 0.611900 0.066000 0.038210 0.084000
1 0.663210 0.067000 0.036026 0.074000
1 0.712882 0.066000 0.034934 0.072000
1 0.719978 0.175000 0.040393 0.082000
1 0.713974 0.387000 0.030568 0.070000
1 0.661572 0.600000 0.037118 0.080000
1 0.605895 0.605000 0.037118 0.078000
1 0.606987 0.714000 0.037118 0.072000
1 0.665939 0.816000 0.039301 0.080000
1 0.608624 0.928000 0.036026 0.080000
