2 0.793668 0.629000 0.041485 0.090000
2 0.944869 0.609000 0.036026 0.078000
2 0.816594 0.736000 0.037118 0.080000
2 0.872271 0.861000 0.032751 0.078000
2 0.978166 0.824000 0.037118 0.080000
3 0.038210 0.377000 0.034934 0.074000
0 0.554585 0.288000 0.039301 0.088000
0 0.390830 0.503000 0.032751 0.078000
0 0.334061 0.613000 0.041485 0.086000
0 0.283297 0.612000 0.036026 0.080000
0 0.391921 0.722000 0.043668 0.088000
0 0.391921 0.829000 0.041485 0.082000
0 0.337336 0.829000 0.041485 0.086000
0 0.279476 0.826000 0.032751 0.080000
0 0.336790 0.940000 0.040393 0.088000
0 0.448144 0.721000 0.042576 0.090000
0 0.445961 0.827000 0.033843 0.078000
0 0.500000 0.722000 0.039301 0.084000
0 0.551310 0.937000 0.039301 0.086000
0 0.555677 0.720000 0.037118 0.080000
0 0.663755 0.941000 0.041485 0.090000
0 0.611354 0.722000 0.041485 0.088000
0 0.713428 0.719000 0.033843 0.078000
0 0.717249 0.505000 0.034934 0.078000
0 0.660480 0.181000 0.032751 0.078000
1 0.336790 0.390000 0.044760 0.088000
1 0.340066 0.281000 0.031659 0.074000
1 0.336245 0.170000 0.041485 0.084000
1 0.286572 0.174000 0.031659 0.076000
1 0.284389 0.282000 0.031659 0.072000
1 0.445961 0.388000 0.031659 0.072000
1 0.499454 0.279000 0.033843 0.074000
1 0.444869 0.066000 0.038210 0.084000
1 0.393013 0.067000 0.032751 0.070000
1 0.558406 0.064000 0.038210 0.084000
1 0.554039 0.171000 0.040393 0.082000
1 0.554585 0.387000 0.037118 0.082000
1 0.609170 0.171000 0.034934 0.074000
1 0.721616 0.066000 0.030568 0.076000
1 0.717795 0.280000 0.033843 0.072000
