2 0.826419 0.903000 0.032751 0.074000
2 0.975437 0.910000 0.033843 0.080000
2 0.899563 0.593000 0.030568 0.074000
3 0.125546 0.264000 0.041485 0.084000
1 0.395197 0.497000 0.030568 0.070000
1 0.283843 0.496000 0.041485 0.084000
1 0.610262 0.496000 0.030568 0.068000
1 0.665393 0.498000 0.029476 0.068000
1 0.717249 0.387000 0.032751 0.070000
1 0.720524 0.065000 0.030568 0.074000
1 0.665939 0.062000 0.034934 0.076000
1 0.664847 0.175000 0.039301 0.082000
1 0.609170 0.280000 0.039301 0.084000
1 0.555131 0.280000 0.029476 0.068000
1 0.504367 0.279000 0.028384 0.066000
1 0.445415 0.387000 0.030568 0.070000
2 0.818472 0.758320 0.035546 0.079000
2 0.883024 0.708240 0.034061 0.080600
2 0.943068 0.748700 0.033079 0.082600
2 0.884738 0.878800 0.038384 0.082400
0 0.335972 0.512010 0.045524 0.095620
0 0.283090 0.182720 0.044148 0.088760
0 0.447162 0.075240 0.044760 0.089000
0 0.387227 0.935780 0.037773 0.087000
0 0.442729 0.609700 0.032969 0.076600
0 0.497773 0.611370 0.040175 0.082340
0 0.552898 0.612980 0.045448 0.089680
0 0.550098 0.717700 0.032205 0.076600
0 0.605775 0.717980 0.032205 0.074600
0 0.661299 0.824100 0.044214 0.087800
0 0.662576 0.940380 0.041659 0.089800
0 0.608897 0.938100 0.042031 0.087800
0 0.553919 0.934980 0.042031 0.084600
0 0.496015 0.828700 0.040721 0.086600
0 0.496998 0.936100 0.045306 0.091800
0 0.390087 0.716090 0.042380 0.086020
0 0.335426 0.719800 0.044214 0.092400
0 0.336234 0.826840 0.043450 0.095400
0 0.281419 0.929480 0.039410 0.083600
