1 0.718341 0.285000 0.032751 0.074000
1 0.390284 0.176000 0.038210 0.084000
1 0.665393 0.496000 0.031659 0.072000
1 0.282915 0.069100 0.044432 0.093000
1 0.608624 0.280000 0.031659 0.076000
1 0.553493 0.279000 0.032751 0.074000
1 0.503821 0.389000 0.031659 0.074000
1 0.445961 0.390000 0.031659 0.072000
1 0.337882 0.391000 0.044760 0.090000
1 0.390284 0.495000 0.031659 0.074000
1 0.337336 0.176000 0.032751 0.072000
1 0.391376 0.066000 0.040393 0.084000
2 0.805677 0.918000 0.034934 0.076000
2 0.859170 0.960000 0.039301 0.080000
2 0.779476 0.661000 0.032751 0.074000
2 0.807314 0.797000 0.042576 0.086000
2 0.866266 0.771000 0.036026 0.082000
2 0.936135 0.894000 0.033843 0.076000
2 0.882642 0.668000 0.033843 0.076000
2 0.971070 0.693000 0.036026 0.078000
2 0.953603 0.566000 0.038210 0.080000
0 0.279476 0.290000 0.032751 0.076000
0 0.281659 0.610000 0.039301 0.084000
0 0.278930 0.936000 0.036026 0.080000
0 0.337882 0.827000 0.042576 0.090000
0 0.498908 0.722000 0.030568 0.072000
0 0.442686 0.721000 0.031659 0.074000
0 0.445415 0.824000 0.037118 0.076000
0 0.503821 0.936000 0.044760 0.096000
0 0.554585 0.934000 0.039301 0.080000
0 0.608079 0.934000 0.039301 0.080000
0 0.717249 0.933000 0.032751 0.074000
0 0.659389 0.824000 0.039301 0.088000
0 0.661026 0.721000 0.031659 0.074000
0 0.713428 0.614000 0.033843 0.076000
0 0.604258 0.614000 0.033843 0.076000
0 0.501638 0.614000 0.038210 0.084000
0 0.717795 0.504000 0.042576 0.092000
0 0.659934 0.072000 0.040393 0.088000
0 0.498362 0.290000 0.036026 0.076000
