3 0.076419 0.370000 0.034934 0.076000
3 0.093341 0.204000 0.031659 0.064000
0 0.501638 0.610000 0.033843 0.076000
0 0.448690 0.616000 0.030568 0.064000
0 0.502183 0.512000 0.030568 0.068000
0 0.392467 0.618000 0.031659 0.068000
0 0.337882 0.618000 0.029476 0.068000
0 0.286572 0.717000 0.033843 0.070000
0 0.394105 0.822000 0.037118 0.080000
0 0.443777 0.824000 0.040393 0.084000
0 0.555677 0.725000 0.032751 0.070000
0 0.555131 0.928000 0.038210 0.076000
0 0.661026 0.821000 0.038210 0.082000
0 0.664301 0.728000 0.031659 0.068000
0 0.718886 0.825000 0.031659 0.070000
0 0.719432 0.618000 0.030568 0.068000
2 0.826965 0.924000 0.038210 0.080000
2 0.973253 0.855000 0.038210 0.082000
0 0.614083 0.078000 0.031659 0.064000
1 0.279476 0.386000 0.032751 0.068000
1 0.388100 0.388000 0.031659 0.068000
1 0.335699 0.284000 0.040393 0.080000
1 0.332424 0.175000 0.036026 0.074000
1 0.277838 0.180000 0.033843 0.068000
1 0.390284 0.179000 0.038210 0.082000
1 0.440502 0.280000 0.031659 0.064000
1 0.444869 0.173000 0.038210 0.082000
1 0.497817 0.282000 0.037118 0.076000
1 0.496725 0.180000 0.037118 0.080000
1 0.548581 0.280000 0.031659 0.064000
1 0.605349 0.602000 0.031659 0.064000
1 0.659934 0.278000 0.031659 0.068000
1 0.715611 0.383000 0.033843 0.070000
1 0.713974 0.070000 0.032751 0.072000
1 0.658297 0.069000 0.034934 0.074000
1 0.663210 0.929000 0.036026 0.074000
1 0.496725 0.929000 0.032751 0.070000
1 0.332969 0.822000 0.034934 0.072000
3 0.181223 0.068000 0.032751 0.068000
3 0.047489 0.082000 0.031659 0.068000
