2 0.811681 0.954000 0.033843 0.076000
0 0.442686 0.075000 0.036026 0.078000
0 0.388100 0.614000 0.033843 0.076000
0 0.335699 0.612000 0.031659 0.072000
0 0.278930 0.719000 0.033843 0.082000
0 0.497817 0.721000 0.032751 0.074000
0 0.444323 0.721000 0.032751 0.074000
0 0.550218 0.614000 0.032751 0.076000
0 0.552402 0.824000 0.039301 0.080000
0 0.497817 0.827000 0.039301 0.082000
0 0.443777 0.824000 0.044760 0.092000
0 0.334607 0.822000 0.042576 0.088000
0 0.388646 0.933000 0.041485 0.086000
0 0.334607 0.934000 0.038210 0.084000
0 0.446507 0.933000 0.039301 0.078000
0 0.662118 0.823000 0.042576 0.086000
0 0.661026 0.721000 0.033843 0.074000
0 0.714520 0.934000 0.033843 0.076000
0 0.716703 0.609000 0.038210 0.078000
0 0.609170 0.506000 0.032751 0.072000
0 0.716703 0.398000 0.033843 0.072000
0 0.609716 0.073000 0.042576 0.086000
1 0.285480 0.281000 0.042576 0.090000
1 0.396288 0.067000 0.041485 0.086000
1 0.390830 0.283000 0.045852 0.090000
1 0.394651 0.388000 0.033843 0.076000
1 0.444323 0.495000 0.032751 0.078000
1 0.501092 0.500000 0.034934 0.076000
2 0.939956 0.930000 0.041485 0.084000
2 0.939956 0.791000 0.032751 0.078000
2 0.958515 0.670000 0.032751 0.076000
2 0.883188 0.644000 0.037118 0.080000
2 0.861354 0.810000 0.032751 0.076000
2 0.792031 0.735000 0.036026 0.078000
2 0.813319 0.569000 0.032751 0.074000
1 0.720524 0.499000 0.043668 0.090000
1 0.721616 0.067000 0.037118 0.078000
1 0.665393 0.069000 0.040393 0.082000
1 0.667031 0.282000 0.041485 0.084000
1 0.557860 0.387000 0.034934 0.078000
