2 0.799127 0.879000 0.032751 0.082000
2 0.896834 0.892000 0.036026 0.084000
3 0.151201 0.359000 0.038210 0.090000
3 0.057314 0.416000 0.038210 0.092000
0 0.281659 0.504000 0.037118 0.088000
0 0.339520 0.613000 0.037118 0.086000
0 0.336790 0.722000 0.040393 0.092000
0 0.282751 0.827000 0.034934 0.082000
0 0.337336 0.827000 0.039301 0.090000
0 0.501638 0.830000 0.040393 0.092000
0 0.608079 0.936000 0.034934 0.084000
0 0.552402 0.613000 0.034934 0.086000
0 0.497271 0.614000 0.036026 0.084000
0 0.550764 0.720000 0.040393 0.088000
0 0.661572 0.614000 0.034934 0.084000
0 0.715611 0.612000 0.038210 0.088000
0 0.659934 0.828000 0.044760 0.092000
0 0.387555 0.721000 0.043668 0.090000
1 0.283297 0.283000 0.040393 0.090000
1 0.283297 0.175000 0.038210 0.086000
1 0.335153 0.282000 0.043668 0.092000
1 0.388646 0.280000 0.039301 0.092000
1 0.394105 0.389000 0.034934 0.086000
1 0.388100 0.602000 0.040393 0.092000
1 0.444323 0.497000 0.037118 0.086000
1 0.502729 0.389000 0.036026 0.086000
1 0.499454 0.283000 0.038210 0.090000
1 0.505459 0.174000 0.039301 0.088000
1 0.446507 0.178000 0.043668 0.088000
1 0.450873 0.066000 0.039301 0.088000
1 0.389192 0.066000 0.038210 0.088000
1 0.558406 0.282000 0.038210 0.088000
1 0.552402 0.389000 0.037118 0.086000
1 0.610262 0.284000 0.037118 0.088000
1 0.659934 0.387000 0.038210 0.086000
1 0.608624 0.498000 0.036026 0.084000
1 0.721070 0.390000 0.033843 0.088000
1 0.715066 0.283000 0.039301 0.090000
1 0.717249 0.175000 0.039301 0.086000
1 0.552402 0.824000 0.037118 0.088000
